140
0 -1 -1 15 10 -1 57 -1 -1 30 1 51 -1 -1 -1 -1 39 -1 13 -1 -1 -1 90 -1 -1 46 81 -1 70 -1 52 4 17 5 -1 -1 -1 79 31 16 30 -1 8 14 23 38 67 79 36 18 -1 -1 -1 18 95 -1 -1 26 -1 62 -1 -1 22 34 -1 81 -1 34 80 -1 11 41 -1 23 61 -1 84 47 -1 42 -1 34 66 65 -1 -1 5 60 -1 -1 63 64 90 77 90 33 -1 95 -1 95 67 -1 18 -1 -1 96 -1 47 86 24 -1 94 -1 53 -1 43 88 47 70 98 33 94 4 40 69 42 75 88 -1 30 50 -1 91 -1 -1 72 -1 -1 54 5
-1 0 22 97 88 -1 93 -1 46 -1 94 -1 -1 92 37 2 -1 55 -1 98 18 61 -1 85 -1 59 -1 53 94 -1 -1 -1 67 -1 -1 -1 -1 -1 32 -1 -1 -1 69 -1 28 70 85 90 86 99 -1 71 -1 -1 64 -1 44 -1 -1 -1 94 41 -1 -1 -1 61 -1 -1 96 62 20 16 85 97 -1 -1 1 -1 87 81 -1 79 -1 -1 40 99 16 24 27 20 16 62 -1 -1 -1 -1 9 80 -1 37 -1 47 64 -1 -1 -1 69 -1 17 -1 38 48 10 17 19 -1 -1 49 -1 93 68 32 -1 89 51 -1 11 31 43 74 33 -1 -1 5 89 9 -1 86 -1 -1
48 42 0 48 5 -1 25 32 16 8 -1 -1 -1 43 36 -1 57 79 -1 -1 -1 20 66 56 -1 88 2 -1 96 69 11 -1 -1 22 -1 -1 -1 4 -1 46 3 14 100 -1 65 -1 -1 -1 -1 -1 60 54 -1 -1 24 32 54 41 -1 -1 64 -1 80 -1 28 -1 -1 4 -1 79 -1 -1 8 -1 44 -1 94 56 -1 -1 34 39 89 42 -1 -1 8 -1 63 -1 40 -1 -1 38 -1 42 -1 62 50 -1 -1 42 58 75 -1 -1 83 -1 17 86 28 -1 -1 84 50 56 3 67 42 -1 -1 56 -1 42 -1 8 -1 69 56 27 61 22 89 36 27 35 16 -1 56 -1
40 91 -1 0 22 29 99 14 -1 3 -1 -1 98 8 63 -1 15 -1 16 -1 51 52 47 -1 52 75 32 10 48 10 77 15 -1 20 -1 10 -1 87 38 97 -1 97 97 -1 -1 18 78 2 -1 17 -1 -1 38 -1 88 22 -1 -1 -1 87 -1 94 62 -1 19 65 -1 -1 46 -1 52 36 -1 -1 -1 83 27 -1 -1 7 -1 88 -1 93 25 42 77 46 94 95 -1 13 47 -1 98 -1 49 53 69 61 2 71 15 -1 -1 -1 62 -1 -1 -1 100 28 -1 100 84 60 29 22 -1 46 7 -1 77 -1 -1 36 13 -1 -1 -1 35 18 81 22 -1 3 26 76 58 -1
-1 6 45 80 0 43 48 -1 -1 50 72 -1 -1 18 24 37 90 40 -1 -1 -1 -1 77 96 -1 97 -1 -1 34 14 33 25 -1 -1 1 26 79 -1 91 -1 52 57 63 -1 -1 13 -1 -1 13 -1 -1 2 -1 17 48 -1 44 57 28 -1 93 -1 53 -1 64 38 53 10 42 88 -1 -1 33 47 -1 -1 76 -1 -1 10 -1 83 72 -1 30 87 13 -1 -1 25 76 -1 37 -1 46 62 -1 88 47 97 57 -1 -1 53 -1 -1 -1 22 -1 37 -1 31 -1 -1 24 -1 -1 76 34 -1 10 -1 -1 73 -1 83 81 54 85 14 -1 20 -1 84 21 -1 -1 28 -1 -1
10 16 -1 65 -1 0 56 59 -1 72 87 7 68 -1 77 64 -1 80 67 -1 34 -1 83 69 -1 -1 15 19 64 61 76 92 -1 40 -1 -1 2 33 -1 -1 -1 16 44 22 -1 44 -1 -1 -1 38 -1 -1 51 -1 -1 -1 91 60 -1 25 10 24 39 54 83 13 -1 -1 -1 42 48 33 43 -1 64 31 7 -1 -1 100 -1 -1 39 33 75 -1 46 -1 71 69 48 4 -1 -1 44 -1 64 -1 35 11 52 -1 16 -1 86 38 -1 -1 -1 -1 -1 -1 -1 58 65 -1 4 66 45 -1 -1 98 -1 2 34 -1 -1 49 60 -1 55 -1 1 51 -1 21 26 65 65 25
4 -1 83 -1 27 24 0 7 12 44 90 24 32 45 -1 1 84 98 -1 -1 -1 -1 28 89 -1 88 -1 74 -1 82 -1 42 -1 -1 34 -1 35 -1 -1 18 -1 29 -1 75 -1 -1 100 1 18 -1 -1 94 -1 -1 77 -1 34 -1 46 32 54 55 -1 -1 43 -1 96 7 34 58 -1 -1 89 76 -1 -1 -1 81 60 -1 18 -1 63 44 11 51 95 69 94 -1 84 18 -1 83 1 -1 -1 -1 -1 -1 -1 -1 -1 -1 -1 21 42 -1 69 -1 57 18 -1 -1 75 52 -1 -1 10 -1 20 -1 33 69 48 -1 64 -1 -1 -1 98 -1 11 44 29 -1 19 22 -1 6
-1 67 -1 87 93 25 -1 0 14 -1 91 95 53 -1 -1 64 41 -1 86 42 97 18 46 82 75 -1 53 19 36 -1 -1 -1 94 93 -1 -1 -1 82 57 36 9 -1 -1 -1 96 88 96 -1 85 65 83 -1 63 -1 3 59 -1 -1 62 -1 45 -1 -1 62 -1 -1 -1 -1 96 -1 -1 -1 99 -1 90 -1 -1 -1 -1 91 -1 21 47 39 62 -1 -1 -1 40 26 56 29 -1 40 -1 25 -1 79 17 47 89 39 -1 -1 -1 3 -1 86 2 -1 -1 62 -1 61 -1 84 -1 40 -1 -1 8 -1 88 -1 -1 22 -1 -1 48 -1 79 93 -1 83 55 20 24 -1 74 6
15 -1 11 53 -1 6 82 -1 0 44 54 57 -1 13 -1 -1 18 -1 -1 41 -1 -1 -1 -1 88 -1 53 94 14 6 96 58 -1 90 80 -1 49 25 35 77 30 47 60 28 30 58 25 -1 15 88 32 -1 6 -1 -1 16 17 58 49 -1 6 17 40 -1 -1 -1 -1 -1 77 -1 -1 -1 12 -1 36 -1 -1 97 57 49 45 24 -1 71 -1 -1 7 33 97 64 40 40 -1 34 74 -1 -1 81 -1 31 -1 60 52 47 -1 32 -1 -1 95 76 96 39 95 55 83 81 18 -1 92 -1 -1 8 87 16 -1 -1 -1 -1 43 41 84 -1 66 64 57 -1 -1 1 -1 -1
2 36 60 29 -1 48 77 16 -1 0 56 19 20 1 15 76 94 12 -1 99 -1 67 -1 46 -1 -1 -1 -1 74 48 -1 8 -1 -1 81 -1 23 73 -1 -1 78 -1 -1 -1 -1 67 51 -1 46 92 -1 69 -1 7 12 14 -1 74 -1 -1 42 49 -1 -1 13 20 35 -1 93 9 72 4 56 56 -1 -1 -1 24 -1 -1 17 -1 44 69 48 -1 -1 -1 63 -1 97 80 80 9 39 -1 73 25 -1 99 -1 -1 44 -1 65 53 64 -1 20 61 22 86 27 49 83 -1 44 -1 78 5 -1 16 50 95 5 -1 69 10 -1 -1 58 -1 -1 -1 -1 -1 11 -1 96 -1
31 -1 81 -1 44 -1 -1 41 61 -1 0 100 47 74 3 31 6 2 -1 51 -1 82 -1 26 64 7 -1 48 -1 -1 80 -1 55 -1 42 7 -1 -1 97 -1 -1 -1 7 1 69 -1 45 -1 -1 22 67 12 19 -1 -1 90 -1 10 56 -1 63 98 32 -1 -1 -1 10 36 -1 55 77 -1 86 -1 42 -1 63 -1 -1 26 -1 -1 -1 28 -1 -1 -1 52 -1 87 -1 84 49 -1 -1 5 -1 97 65 60 57 41 24 -1 61 15 66 -1 12 -1 -1 -1 23 5 26 70 -1 -1 84 -1 97 95 52 29 -1 97 100 -1 -1 -1 61 30 23 -1 13 -1 21 -1 -1 -1
21 -1 18 69 82 -1 2 -1 54 1 6 0 -1 63 85 19 -1 24 99 65 72 75 -1 98 -1 21 -1 -1 75 -1 5 73 20 92 24 -1 24 58 -1 55 14 23 -1 13 -1 -1 96 42 62 -1 51 64 -1 -1 95 40 -1 37 -1 23 56 13 54 60 78 12 23 95 100 31 16 -1 68 21 -1 -1 19 64 -1 -1 -1 57 19 -1 -1 13 58 -1 66 84 24 -1 1 -1 -1 83 93 -1 23 15 -1 12 -1 37 -1 -1 78 69 -1 -1 -1 69 32 -1 79 -1 16 -1 21 84 -1 54 -1 19 89 63 -1 4 11 22 -1 -1 -1 60 -1 83 24 97 12 86
-1 91 78 25 -1 69 -1 48 -1 5 -1 46 0 75 -1 19 83 19 -1 -1 91 55 4 85 83 42 54 -1 -1 83 27 66 -1 -1 63 77 -1 12 30 -1 -1 50 57 87 -1 20 13 -1 47 40 58 -1 69 -1 1 66 33 38 55 -1 68 -1 85 16 61 20 -1 -1 -1 65 44 44 -1 -1 -1 91 -1 72 -1 65 37 -1 59 83 29 -1 95 91 77 25 -1 -1 -1 -1 76 3 -1 11 -1 53 20 54 55 42 -1 30 -1 -1 -1 95 2 31 -1 79 -1 -1 -1 -1 76 53 -1 -1 60 55 42 -1 22 -1 -1 -1 -1 57 32 3 88 -1 85 23 80 100
68 59 20 -1 88 59 53 75 20 -1 10 71 30 0 61 -1 89 -1 88 -1 -1 -1 -1 58 30 14 27 62 96 52 3 -1 18 34 34 -1 14 -1 58 -1 -1 -1 -1 -1 97 13 19 -1 -1 12 88 70 45 29 85 -1 -1 -1 66 79 -1 3 -1 -1 89 93 5 19 81 55 -1 30 70 -1 25 66 41 66 -1 46 78 36 -1 17 -1 100 69 -1 -1 -1 -1 69 -1 71 -1 -1 14 -1 87 -1 21 -1 -1 -1 99 75 -1 77 -1 -1 66 -1 63 65 49 -1 28 83 56 8 -1 -1 99 -1 35 55 40 -1 -1 -1 -1 53 -1 -1 36 -1 -1 -1 4 -1
14 58 27 81 46 96 -1 63 21 89 74 89 45 43 0 -1 -1 69 8 -1 90 76 81 11 45 13 83 88 17 -1 -1 -1 79 -1 96 -1 7 -1 -1 77 -1 -1 -1 68 -1 54 -1 21 70 89 -1 26 35 -1 94 32 11 -1 90 90 44 -1 -1 59 -1 69 52 -1 -1 -1 98 84 86 37 -1 -1 28 -1 -1 76 -1 69 57 54 66 -1 24 -1 52 17 94 89 37 85 -1 -1 96 3 60 82 31 54 92 65 17 40 93 19 11 25 12 -1 72 50 18 -1 -1 -1 92 95 35 9 60 -1 66 49 -1 -1 78 47 -1 -1 37 20 79 82 18 33 57 95
85 65 55 3 -1 61 -1 -1 9 -1 50 -1 75 -1 40 0 -1 7 -1 92 21 -1 58 29 89 88 87 -1 -1 94 10 55 83 66 -1 -1 71 71 -1 89 -1 -1 5 75 95 -1 -1 85 72 -1 -1 12 -1 -1 54 -1 98 -1 96 16 -1 92 42 80 13 -1 86 12 1 41 -1 90 -1 24 -1 -1 -1 -1 -1 -1 47 -1 -1 -1 -1 82 -1 53 2 50 61 18 89 -1 36 -1 47 28 13 40 93 46 -1 16 31 7 -1 -1 33 27 -1 31 -1 60 10 -1 -1 56 69 42 49 -1 26 -1 70 -1 94 -1 73 59 36 -1 88 -1 -1 2 39 5 67 72
87 34 86 -1 47 -1 95 8 -1 -1 76 -1 -1 49 47 -1 0 62 26 -1 -1 45 93 -1 -1 -1 -1 -1 74 -1 35 -1 62 45 74 -1 90 65 43 -1 82 -1 -1 12 -1 47 18 90 -1 84 -1 52 -1 94 66 3 61 -1 1 38 -1 37 -1 16 23 42 -1 77 52 93 -1 -1 77 48 43 -1 20 -1 -1 87 81 35 -1 65 -1 -1 1 84 66 99 5 -1 76 86 15 43 -1 81 -1 -1 -1 26 1 77 49 72 -1 -1 45 -1 30 83 16 19 84 -1 90 -1 -1 -1 35 94 34 -1 -1 -1 -1 17 19 -1 86 16 41 -1 -1 -1 33 52 5 -1
92 24 91 -1 -1 -1 -1 -1 97 5 39 78 1 -1 88 -1 11 0 87 -1 -1 -1 31 -1 -1 79 70 -1 17 56 -1 -1 -1 -1 31 30 66 10 58 -1 63 -1 85 49 24 34 -1 45 52 6 -1 70 21 41 -1 96 83 -1 -1 28 48 83 -1 90 19 -1 34 -1 96 -1 -1 -1 -1 -1 -1 -1 20 69 40 34 51 7 -1 80 84 -1 54 -1 93 -1 69 82 -1 9 77 61 -1 -1 31 76 -1 -1 12 49 -1 -1 -1 -1 32 -1 86 26 5 -1 37 2 58 72 68 -1 39 88 15 69 82 -1 45 -1 40 -1 23 -1 -1 -1 -1 39 38 5 30 -1
95 42 44 39 63 65 33 -1 90 -1 37 89 89 -1 98 97 56 -1 0 69 -1 57 14 -1 -1 -1 5 36 100 -1 49 69 79 -1 15 -1 74 -1 66 65 73 12 42 -1 81 58 77 -1 83 89 31 76 28 17 -1 73 -1 -1 -1 -1 15 -1 74 7 68 94 -1 78 4 20 63 71 -1 54 -1 -1 -1 40 34 27 81 9 -1 33 27 -1 -1 95 67 -1 -1 17 89 66 -1 15 -1 84 -1 66 76 19 71 71 36 82 77 93 49 43 70 5 -1 -1 34 56 95 -1 -1 -1 -1 12 9 98 89 16 75 58 67 -1 5 54 -1 -1 50 49 -1 52 6 18
69 18 84 84 -1 -1 -1 -1 21 -1 35 56 6 -1 -1 -1 15 100 73 0 29 -1 -1 5 38 42 -1 13 63 -1 44 34 -1 -1 25 -1 -1 21 -1 43 30 50 6 -1 -1 90 78 61 16 -1 -1 37 -1 29 29 40 -1 83 -1 -1 9 -1 80 74 52 69 -1 93 -1 3 82 76 36 -1 91 -1 19 40 90 -1 -1 -1 14 -1 10 -1 62 50 61 28 50 88 -1 51 19 -1 27 -1 -1 2 -1 30 -1 4 31 51 -1 1 19 36 -1 29 14 4 -1 -1 52 -1 -1 -1 -1 -1 -1 -1 -1 -1 79 55 -1 -1 12 -1 74 6 -1 -1 -1 -1 80 -1
-1 -1 7 -1 96 92 75 -1 41 34 2 46 37 5 96 25 59 44 100 43 0 34 40 -1 -1 -1 -1 -1 -1 77 33 -1 -1 42 8 61 92 48 -1 67 73 80 -1 75 -1 -1 56 82 67 65 60 87 26 62 -1 64 10 22 40 -1 63 88 -1 1 19 82 31 -1 19 -1 36 -1 61 -1 -1 94 -1 -1 43 79 -1 -1 34 62 -1 -1 24 96 30 -1 49 5 -1 1 14 92 97 -1 -1 33 45 -1 21 50 7 52 83 43 -1 -1 -1 59 75 -1 -1 19 57 25 -1 90 -1 -1 27 22 21 62 95 -1 -1 -1 -1 -1 89 -1 25 26 94 45 89 34
-1 -1 70 3 42 -1 -1 -1 7 31 23 69 38 -1 32 58 -1 12 97 -1 -1 0 49 90 -1 -1 -1 58 -1 67 34 55 81 49 59 -1 -1 84 -1 -1 -1 83 -1 -1 -1 -1 -1 -1 76 -1 -1 -1 -1 -1 32 -1 86 3 -1 5 43 66 98 -1 80 35 97 -1 -1 26 94 73 -1 -1 48 -1 -1 1 51 -1 59 42 32 89 -1 6 27 45 28 43 -1 19 10 -1 64 -1 39 -1 19 16 -1 68 -1 50 36 47 78 25 -1 -1 -1 -1 -1 85 -1 59 -1 -1 -1 -1 21 -1 -1 28 6 34 10 1 -1 70 43 86 87 -1 -1 69 -1 -1 75 66
25 1 67 -1 59 55 84 -1 64 90 59 -1 2 85 -1 -1 -1 22 55 74 1 46 0 -1 37 -1 5 49 -1 39 78 13 -1 4 -1 75 75 67 16 90 42 -1 29 36 -1 68 -1 -1 9 -1 56 70 -1 -1 77 87 7 33 -1 84 60 51 89 -1 -1 70 70 -1 71 67 56 30 26 29 77 54 -1 98 97 75 90 53 77 -1 -1 -1 86 54 9 68 25 -1 62 -1 63 -1 82 37 -1 25 71 -1 94 16 90 -1 56 -1 30 7 -1 -1 -1 -1 27 -1 77 -1 71 86 36 34 89 25 7 -1 -1 52 -1 -1 55 30 17 80 -1 32 -1 -1 59 66
37 56 -1 40 -1 43 -1 -1 -1 40 44 56 88 -1 -1 100 50 -1 72 61 -1 -1 15 0 54 -1 -1 66 -1 -1 59 91 6 -1 -1 80 -1 69 50 31 -1 -1 78 56 64 -1 -1 -1 -1 74 -1 -1 -1 -1 43 -1 -1 18 -1 55 36 99 -1 -1 12 -1 64 -1 100 12 1 -1 18 -1 36 -1 13 -1 -1 -1 24 53 -1 -1 -1 -1 98 31 59 -1 89 -1 -1 1 61 -1 13 58 18 29 79 -1 -1 1 -1 -1 69 51 -1 84 69 1 -1 46 59 45 -1 61 19 7 66 -1 1 -1 61 68 34 21 -1 -1 23 61 42 86 30 -1 43 -1 50 76
41 -1 86 67 16 -1 80 -1 -1 46 -1 73 -1 -1 -1 55 94 92 -1 51 -1 48 58 -1 0 -1 90 26 63 47 79 12 23 -1 73 13 11 48 -1 66 10 -1 -1 87 -1 -1 -1 14 -1 86 -1 30 8 84 81 39 -1 -1 -1 39 -1 22 -1 -1 61 47 77 86 -1 -1 64 -1 66 5 56 45 66 21 97 -1 -1 -1 100 -1 72 -1 -1 86 82 74 86 67 -1 -1 -1 -1 -1 32 -1 15 36 37 -1 5 -1 -1 88 -1 -1 73 -1 2 9 91 -1 -1 -1 49 60 -1 -1 31 24 -1 31 29 27 -1 5 -1 45 99 26 42 53 92 -1 23 -1 69
83 -1 -1 -1 91 -1 -1 -1 -1 86 96 21 -1 95 86 91 -1 -1 3 56 -1 71 89 67 67 0 -1 29 96 43 65 90 61 48 -1 9 68 -1 83 75 35 -1 -1 34 -1 65 -1 -1 -1 42 -1 77 78 66 30 -1 -1 -1 36 64 83 11 -1 -1 -1 85 -1 40 46 -1 81 -1 72 -1 53 -1 82 -1 -1 87 -1 -1 99 -1 42 -1 -1 18 49 -1 80 -1 24 4 7 -1 -1 78 23 74 -1 43 17 46 -1 87 96 -1 80 49 -1 -1 -1 40 -1 76 5 -1 22 -1 70 45 85 58 66 76 47 -1 70 59 24 -1 -1 59 -1 73 7 97 96 1
-1 42 41 94 28 59 70 -1 88 68 -1 72 16 94 95 34 43 -1 -1 5 50 -1 35 46 49 14 0 38 -1 78 65 34 -1 88 98 52 26 59 15 -1 -1 -1 63 -1 15 38 20 -1 -1 60 -1 -1 27 31 -1 59 66 30 71 18 50 -1 30 -1 -1 44 -1 -1 47 57 76 -1 -1 -1 10 63 -1 58 78 67 89 -1 -1 69 -1 -1 74 91 -1 -1 -1 64 -1 43 7 -1 36 69 -1 77 -1 34 -1 -1 -1 53 68 52 53 -1 66 -1 -1 69 -1 -1 -1 11 58 89 18 10 94 -1 -1 -1 -1 -1 -1 93 87 53 -1 -1 57 56 21 71 88 4
68 -1 99 -1 64 -1 -1 -1 -1 -1 10 -1 90 86 -1 -1 14 20 -1 42 -1 5 79 -1 -1 -1 43 0 64 58 21 59 -1 96 88 -1 -1 22 10 -1 -1 79 26 -1 56 72 -1 73 -1 48 65 81 -1 -1 70 20 60 -1 64 -1 -1 -1 94 -1 70 42 59 8 44 59 47 61 83 -1 39 60 13 82 78 93 95 13 19 16 9 90 -1 26 14 2 -1 -1 36 97 -1 -1 8 24 63 -1 10 23 -1 81 -1 -1 6 58 -1 49 83 88 -1 40 44 19 -1 -1 -1 -1 -1 88 95 20 54 -1 21 71 14 -1 -1 86 11 14 -1 28 -1 -1 27 72
69 -1 85 -1 -1 62 90 34 64 -1 43 -1 44 21 -1 35 -1 17 9 30 -1 42 98 19 53 -1 -1 -1 0 85 -1 43 35 -1 -1 64 78 13 71 45 52 61 13 44 -1 25 34 86 64 -1 12 -1 81 100 -1 42 90 39 -1 29 48 27 -1 -1 48 -1 69 46 74 14 -1 5 23 -1 -1 1 84 45 59 13 -1 67 63 73 25 -1 54 -1 -1 69 73 -1 77 -1 -1 -1 30 59 -1 -1 31 -1 36 75 74 15 39 36 -1 56 64 -1 51 21 67 16 -1 -1 86 -1 67 -1 -1 -1 54 17 -1 -1 57 61 -1 46 9 31 97 16 72 2 -1 63
71 79 62 -1 12 28 35 -1 38 99 -1 36 -1 -1 21 72 77 60 -1 -1 50 -1 -1 -1 97 14 -1 19 20 0 57 66 72 -1 -1 38 -1 98 61 25 68 -1 -1 6 -1 -1 75 50 73 -1 -1 56 -1 -1 -1 -1 23 90 66 18 15 -1 -1 11 -1 39 3 -1 -1 32 34 -1 24 38 4 -1 40 83 -1 17 92 -1 -1 95 82 36 -1 75 44 83 -1 48 -1 -1 -1 -1 40 -1 -1 -1 -1 -1 65 -1 -1 67 3 43 97 53 22 -1 -1 9 -1 -1 -1 68 -1 6 -1 63 73 -1 64 72 -1 -1 88 -1 -1 -1 15 83 -1 82 -1 -1 -1 42
-1 -1 13 12 16 37 87 -1 -1 32 -1 43 -1 49 53 24 -1 -1 45 -1 70 40 -1 -1 15 -1 28 23 7 -1 0 75 74 39 38 32 98 -1 92 81 9 -1 91 84 -1 68 48 45 -1 89 69 -1 70 75 22 91 52 23 -1 -1 98 -1 -1 -1 71 69 -1 96 1 -1 30 -1 60 91 70 79 80 -1 74 -1 85 -1 92 35 -1 -1 22 45 23 -1 -1 50 32 34 79 75 -1 -1 90 -1 -1 81 -1 30 68 -1 -1 5 92 78 -1 22 -1 10 42 -1 16 6 39 7 7 -1 -1 4 66 13 53 -1 10 -1 -1 7 -1 -1 41 24 -1 54 41 -1
-1 62 -1 -1 72 63 4 33 71 70 92 23 -1 43 78 80 -1 100 -1 -1 -1 51 33 40 -1 -1 32 95 -1 9 -1 0 74 -1 -1 39 89 -1 -1 90 100 -1 45 -1 3 -1 60 31 86 -1 -1 -1 73 -1 -1 -1 22 92 95 -1 -1 85 -1 -1 89 77 -1 8 31 29 -1 -1 16 15 18 65 -1 91 93 33 88 -1 67 -1 -1 69 -1 -1 83 -1 22 -1 8 -1 11 44 46 -1 77 -1 -1 16 -1 -1 -1 -1 89 2 50 -1 12 25 93 -1 37 59 46 74 -1 -1 -1 11 -1 -1 80 59 21 28 33 -1 -1 -1 42 70 -1 1 -1 -1 -1 -1
-1 95 74 36 -1 16 34 80 75 -1 3 17 -1 10 -1 25 31 -1 -1 58 22 30 -1 -1 46 99 25 16 48 4 -1 62 0 -1 91 73 -1 21 25 23 65 -1 64 70 -1 93 87 29 92 67 -1 65 52 -1 56 -1 -1 -1 -1 55 53 66 -1 -1 63 98 -1 56 34 54 31 -1 53 41 92 -1 -1 3 -1 -1 -1 -1 25 15 34 -1 13 -1 43 54 -1 72 -1 -1 3 49 -1 38 94 47 4 -1 77 37 -1 -1 -1 86 61 81 -1 28 74 -1 99 -1 -1 -1 72 -1 63 -1 -1 92 30 10 -1 -1 -1 -1 4 -1 -1 22 44 -1 41 77 -1 52
99 -1 44 85 68 6 24 98 76 61 3 79 55 34 -1 74 40 79 -1 79 -1 6 -1 -1 7 -1 22 19 -1 -1 71 39 31 0 71 -1 -1 27 53 -1 64 4 -1 55 58 40 -1 -1 -1 10 -1 -1 59 -1 12 99 -1 66 24 72 77 97 -1 60 -1 66 44 -1 55 -1 41 1 -1 -1 -1 12 5 87 -1 34 -1 61 -1 79 73 -1 48 52 -1 -1 -1 -1 -1 -1 -1 45 9 41 18 18 16 14 8 -1 86 81 -1 4 -1 -1 -1 -1 -1 36 80 21 41 7 55 63 99 40 -1 61 22 -1 -1 13 35 47 -1 41 43 -1 56 -1 -1 -1 88 30
54 81 71 41 -1 59 -1 35 86 35 46 -1 -1 -1 25 91 -1 -1 -1 48 92 45 42 18 17 -1 98 10 48 49 7 39 78 -1 0 -1 77 -1 60 -1 -1 -1 30 -1 14 -1 49 99 -1 61 59 45 78 -1 -1 -1 -1 55 96 54 19 10 47 -1 26 52 -1 60 13 -1 2 88 48 -1 12 59 57 -1 -1 80 -1 -1 -1 -1 -1 92 -1 -1 -1 87 83 -1 79 44 85 69 -1 25 -1 53 47 10 73 39 -1 -1 65 -1 -1 6 25 14 -1 -1 84 5 45 97 100 -1 13 30 62 58 -1 -1 61 -1 86 -1 9 64 90 -1 -1 -1 -1 79 -1 86
86 -1 -1 22 -1 79 59 -1 -1 95 51 72 -1 76 37 74 -1 94 52 57 46 -1 8 -1 -1 63 41 -1 -1 93 -1 4 90 89 43 0 -1 90 -1 7 -1 20 3 44 28 -1 -1 -1 -1 -1 -1 -1 -1 84 40 28 57 72 76 41 5 61 -1 78 20 11 17 45 9 -1 51 -1 -1 -1 -1 14 21 83 65 5 88 64 27 26 14 54 -1 38 -1 -1 -1 28 92 -1 -1 35 -1 -1 97 36 6 -1 46 65 49 100 28 -1 52 60 -1 8 49 10 53 43 -1 44 -1 84 -1 18 85 -1 76 58 -1 72 -1 57 67 -1 89 90 98 -1 25 45 -1 47
-1 -1 14 -1 -1 -1 73 -1 87 -1 73 16 -1 83 -1 23 -1 61 -1 41 -1 36 -1 90 91 6 49 -1 14 -1 63 79 -1 -1 46 -1 0 24 -1 -1 -1 6 -1 32 -1 -1 61 96 10 47 -1 20 -1 64 7 92 50 15 -1 -1 9 -1 91 -1 97 46 30 55 96 -1 75 -1 51 39 -1 65 47 23 12 -1 79 54 81 64 41 16 12 21 61 66 29 -1 8 21 21 -1 -1 76 -1 47 63 -1 90 -1 11 -1 61 28 -1 8 -1 48 -1 -1 40 74 -1 -1 -1 65 26 76 85 -1 -1 26 -1 -1 -1 39 -1 -1 -1 12 -1 19 35 99 80 92
-1 -1 93 70 82 42 -1 -1 70 33 49 84 -1 -1 78 87 -1 -1 -1 30 -1 61 -1 -1 65 -1 45 -1 -1 -1 -1 -1 -1 -1 -1 35 -1 0 32 -1 5 -1 10 100 -1 -1 -1 2 -1 12 -1 42 54 52 -1 73 45 8 23 -1 46 47 47 64 -1 55 -1 35 -1 74 6 86 32 -1 16 80 28 52 41 81 94 68 -1 74 12 33 22 96 15 47 61 31 96 82 -1 78 86 63 -1 16 74 -1 41 76 -1 -1 -1 -1 -1 -1 40 -1 29 89 92 -1 -1 93 74 6 48 -1 88 -1 -1 -1 100 -1 66 -1 23 -1 -1 28 43 64 -1 56 -1 -1
44 7 3 96 6 12 37 54 58 95 -1 -1 -1 -1 35 -1 94 30 51 -1 -1 -1 37 -1 79 -1 41 90 79 25 39 43 91 -1 -1 97 -1 42 0 7 78 98 99 54 35 28 47 6 10 96 93 54 44 89 -1 -1 -1 9 -1 47 -1 18 79 -1 -1 10 38 31 -1 83 97 32 -1 74 25 -1 -1 -1 53 7 -1 4 76 -1 28 63 -1 -1 70 22 37 46 76 -1 -1 99 11 91 -1 -1 3 -1 -1 -1 -1 61 -1 91 -1 17 -1 -1 -1 -1 75 10 9 32 52 46 -1 25 75 -1 69 81 33 -1 80 -1 35 28 -1 39 90 25 23 -1 14 92
-1 -1 19 66 96 -1 50 7 -1 -1 -1 14 37 -1 57 100 -1 -1 -1 45 -1 -1 62 60 -1 -1 29 39 -1 17 40 -1 22 87 -1 48 68 -1 23 0 59 52 27 82 68 100 12 -1 83 7 97 -1 -1 22 -1 86 12 -1 55 -1 5 96 -1 100 35 17 -1 44 -1 75 10 -1 -1 57 32 5 33 -1 90 34 51 30 -1 18 -1 -1 48 45 3 -1 -1 19 15 62 48 -1 -1 -1 82 1 92 73 -1 57 75 71 89 -1 -1 77 43 -1 82 83 30 -1 -1 35 82 -1 -1 33 -1 -1 -1 80 58 66 81 -1 -1 40 71 -1 86 7 32 -1 -1 45
67 -1 81 -1 -1 51 69 79 56 53 -1 32 41 -1 -1 -1 22 49 -1 42 54 -1 -1 -1 -1 25 3 76 48 63 98 100 68 87 -1 29 36 78 -1 92 0 -1 76 33 -1 3 100 -1 48 87 -1 31 -1 77 87 -1 88 72 71 90 -1 94 -1 -1 14 29 86 82 42 -1 79 -1 92 -1 54 54 89 50 57 23 -1 -1 -1 -1 77 -1 -1 52 -1 -1 -1 74 61 80 87 97 60 23 69 13 -1 -1 20 -1 3 -1 47 54 -1 18 -1 83 -1 4 30 -1 -1 7 -1 38 12 -1 63 76 -1 24 45 -1 93 87 -1 38 54 2 29 74 53 52 -1 -1
96 43 46 65 -1 21 85 15 -1 68 -1 48 41 -1 15 64 21 89 95 37 86 -1 -1 79 11 -1 89 -1 -1 43 -1 25 -1 -1 99 46 1 98 97 -1 -1 0 -1 89 24 -1 -1 89 45 -1 21 -1 17 97 33 28 12 73 25 65 -1 49 -1 -1 50 20 75 -1 64 -1 -1 54 -1 44 -1 15 -1 -1 16 -1 46 -1 13 38 -1 -1 7 -1 -1 76 14 -1 94 -1 100 62 -1 -1 38 12 -1 96 17 41 75 92 -1 42 100 -1 77 -1 -1 -1 80 -1 88 -1 -1 78 -1 79 -1 -1 -1 -1 83 83 37 23 11 -1 36 7 -1 79 2 -1 72 86
34 87 -1 -1 62 54 37 76 81 3 -1 -1 -1 12 96 97 -1 52 47 61 -1 -1 48 -1 26 42 -1 -1 2 34 73 -1 79 32 90 -1 53 -1 80 28 36 16 0 14 32 61 -1 -1 89 13 -1 -1 -1 -1 2 -1 -1 -1 22 44 -1 47 37 92 40 99 27 -1 -1 1 -1 -1 -1 56 -1 -1 -1 59 -1 -1 11 -1 -1 25 -1 16 3 55 34 -1 4 9 69 49 7 -1 -1 -1 -1 -1 -1 -1 46 -1 -1 92 66 68 51 -1 -1 8 -1 94 55 7 -1 10 -1 19 -1 -1 36 -1 45 28 -1 48 43 -1 -1 -1 39 -1 100 23 -1 31 10 -1
25 -1 -1 97 38 -1 2 56 56 71 -1 76 -1 -1 -1 81 -1 -1 32 10 -1 52 -1 48 -1 80 37 -1 27 -1 96 31 -1 99 40 -1 -1 -1 22 67 46 -1 79 0 3 75 63 6 56 -1 -1 6 -1 67 -1 37 -1 8 -1 -1 89 -1 100 29 -1 -1 73 -1 98 33 3 11 -1 57 -1 98 95 -1 45 -1 -1 70 88 -1 97 37 92 -1 30 71 71 -1 41 -1 31 -1 74 79 -1 -1 78 61 67 69 -1 -1 92 67 -1 -1 21 87 39 86 71 -1 16 -1 -1 26 77 -1 -1 -1 75 92 13 -1 4 77 37 -1 -1 -1 -1 -1 -1 86 75 -1
-1 -1 14 -1 29 65 21 53 -1 -1 91 -1 -1 23 -1 25 45 -1 65 -1 25 41 48 75 -1 -1 95 29 30 16 -1 -1 93 -1 52 90 98 89 -1 -1 -1 -1 -1 47 0 31 -1 57 -1 -1 81 9 14 40 -1 13 58 -1 95 35 24 77 -1 91 -1 84 -1 -1 19 52 4 50 77 30 -1 14 2 -1 69 -1 29 3 -1 36 78 76 -1 -1 39 21 -1 13 69 92 -1 4 47 -1 22 -1 96 -1 92 48 5 69 98 -1 93 21 60 -1 100 68 82 95 39 64 -1 -1 89 97 15 38 41 49 -1 48 -1 -1 -1 30 -1 68 62 72 97 3 -1 85
54 -1 -1 -1 34 1 -1 -1 -1 -1 49 96 71 46 -1 -1 5 71 36 27 -1 60 -1 67 67 80 -1 20 -1 6 -1 -1 -1 47 -1 55 6 48 -1 18 -1 -1 100 91 44 0 20 32 -1 91 -1 -1 -1 97 -1 38 -1 -1 73 -1 44 22 32 -1 -1 1 -1 80 27 -1 -1 38 -1 84 43 -1 27 -1 -1 11 44 -1 72 33 80 74 100 52 8 12 64 -1 66 73 -1 43 10 -1 1 70 -1 92 66 -1 16 43 -1 -1 78 -1 81 -1 -1 38 58 25 7 5 33 -1 -1 -1 -1 52 -1 68 53 -1 39 -1 7 85 5 -1 30 -1 -1 -1 25 34
51 31 80 -1 26 9 34 79 96 -1 -1 -1 17 41 83 -1 44 23 -1 -1 -1 37 5 69 4 28 -1 5 62 -1 -1 20 -1 26 -1 14 68 87 36 -1 -1 -1 94 -1 21 -1 0 45 -1 88 94 -1 -1 50 16 -1 -1 11 -1 49 17 36 67 -1 33 60 30 73 -1 -1 -1 84 46 56 63 29 15 43 -1 -1 -1 66 19 39 13 85 -1 -1 -1 55 46 88 65 13 95 15 29 -1 -1 14 41 86 9 69 -1 68 69 59 -1 -1 -1 -1 19 -1 95 96 49 -1 -1 -1 50 -1 28 -1 71 39 -1 36 22 -1 46 66 -1 69 -1 70 57 53 55 10
24 32 94 9 15 -1 40 60 46 23 -1 68 -1 13 86 -1 60 20 8 -1 60 20 33 27 68 93 -1 24 -1 57 20 73 67 41 82 61 100 51 49 50 -1 -1 13 98 20 86 6 0 97 46 -1 -1 61 80 -1 -1 71 35 -1 37 -1 13 66 -1 -1 18 -1 14 96 -1 69 8 -1 -1 92 48 -1 74 80 25 34 67 -1 -1 6 93 94 86 -1 98 17 28 3 72 -1 86 27 -1 88 79 2 92 55 -1 31 56 -1 72 15 -1 -1 57 84 80 -1 95 -1 56 22 100 86 13 43 18 4 -1 -1 48 54 29 32 -1 49 -1 39 32 72 74 20 -1
-1 -1 18 86 -1 30 -1 61 -1 22 42 73 83 59 21 -1 10 -1 -1 80 84 -1 21 15 93 -1 94 76 12 -1 -1 -1 91 -1 -1 94 36 36 88 15 76 58 10 69 14 73 -1 98 0 18 12 69 33 47 -1 86 -1 -1 79 70 73 -1 94 -1 -1 -1 -1 61 -1 64 -1 -1 67 12 10 63 98 19 -1 -1 2 -1 85 95 -1 -1 66 97 11 1 -1 3 64 -1 28 27 61 27 33 32 -1 59 38 -1 56 -1 -1 52 88 21 14 67 51 30 12 -1 35 -1 70 79 -1 -1 18 2 83 -1 -1 -1 2 -1 42 -1 -1 94 -1 89 78 84 7 15
65 -1 61 77 24 93 26 -1 26 44 -1 91 30 -1 -1 30 83 -1 63 -1 51 -1 75 93 62 -1 -1 64 -1 -1 -1 55 95 61 -1 98 81 -1 -1 95 -1 -1 -1 8 1 -1 71 3 97 0 27 91 14 -1 89 14 -1 -1 72 16 73 76 6 33 18 -1 -1 46 -1 -1 -1 28 53 8 65 5 1 16 31 94 28 91 -1 -1 4 -1 -1 81 80 85 -1 70 17 -1 -1 22 5 -1 -1 60 57 -1 3 92 38 8 -1 39 -1 8 76 -1 44 67 23 68 67 12 48 -1 80 82 26 35 41 70 75 64 4 55 95 -1 -1 -1 67 -1 71 4 9 -1
-1 44 -1 -1 68 42 61 -1 89 6 -1 2 2 68 61 -1 55 -1 -1 33 89 -1 85 28 16 -1 -1 42 14 46 68 48 13 45 44 43 45 69 73 34 94 -1 66 -1 66 33 -1 72 38 29 0 -1 -1 -1 18 -1 13 64 -1 -1 -1 97 14 46 87 -1 51 -1 -1 59 -1 -1 99 -1 62 19 -1 -1 -1 -1 71 87 86 72 -1 -1 65 33 -1 34 25 16 -1 63 -1 -1 -1 -1 29 -1 -1 35 99 78 63 15 5 -1 -1 12 83 -1 58 -1 39 53 87 -1 56 26 74 -1 -1 -1 57 85 61 -1 61 56 -1 73 93 84 99 -1 37 9 17 3
58 60 45 1 91 99 68 82 -1 17 91 -1 20 12 -1 -1 -1 43 55 -1 -1 11 -1 18 79 52 80 -1 -1 54 -1 78 -1 -1 -1 -1 -1 69 27 -1 -1 86 -1 -1 -1 -1 41 51 -1 -1 -1 0 30 64 -1 54 -1 -1 -1 -1 99 90 -1 -1 -1 10 -1 68 -1 -1 18 -1 45 67 -1 -1 -1 -1 32 44 -1 60 -1 80 -1 -1 18 53 22 47 -1 88 -1 -1 -1 -1 -1 57 37 28 66 -1 34 16 -1 33 12 1 12 -1 -1 -1 62 22 79 -1 91 87 55 19 30 66 67 82 97 21 3 -1 -1 -1 -1 35 97 -1 86 -1 -1 90 -1 27
4 -1 16 -1 93 52 -1 -1 39 32 -1 -1 52 -1 -1 33 31 46 97 1 -1 50 -1 96 -1 -1 -1 10 31 18 92 53 4 18 37 42 11 36 -1 -1 31 66 91 -1 -1 12 6 -1 38 13 89 -1 0 11 -1 40 -1 -1 -1 -1 97 17 8 -1 2 -1 -1 -1 44 -1 34 -1 -1 100 73 92 -1 -1 80 9 6 74 79 -1 7 34 -1 62 -1 83 -1 82 94 -1 7 -1 -1 42 -1 -1 85 17 -1 -1 -1 -1 94 -1 23 -1 -1 -1 68 78 98 13 88 11 12 73 -1 -1 24 53 -1 99 84 -1 -1 -1 -1 1 21 70 90 32 -1 89 -1 -1
54 5 -1 -1 -1 -1 57 -1 65 -1 -1 81 32 77 -1 37 -1 83 -1 3 83 79 4 -1 33 12 51 6 38 55 -1 38 -1 -1 70 31 -1 91 42 28 9 -1 41 91 34 45 11 89 -1 -1 52 17 -1 0 -1 81 37 58 -1 -1 -1 81 15 45 -1 65 48 -1 89 -1 -1 -1 -1 21 -1 25 20 21 37 72 59 -1 40 -1 -1 11 -1 41 75 18 77 27 31 82 44 32 -1 -1 2 37 25 14 -1 -1 44 -1 13 -1 50 71 -1 99 91 -1 92 39 87 68 74 78 -1 -1 62 46 83 94 -1 76 29 -1 31 30 -1 89 -1 -1 85 39 21 99
-1 -1 14 -1 98 -1 88 7 1 -1 -1 -1 -1 -1 -1 87 71 74 68 -1 -1 29 26 -1 56 -1 18 1 -1 12 10 -1 -1 -1 99 48 -1 -1 -1 45 -1 38 -1 -1 96 -1 -1 -1 -1 -1 17 16 76 -1 0 -1 73 86 25 -1 -1 14 59 90 50 21 86 70 32 -1 24 -1 -1 12 -1 27 76 -1 -1 -1 -1 12 -1 52 60 -1 17 86 -1 -1 70 -1 6 80 -1 -1 38 35 -1 73 -1 3 -1 -1 98 -1 -1 81 -1 11 52 22 91 -1 62 -1 17 -1 -1 -1 -1 -1 96 -1 14 -1 -1 47 -1 -1 48 32 10 56 -1 -1 -1 -1 2 18
-1 -1 -1 39 83 73 -1 25 73 43 13 -1 -1 94 27 -1 10 14 34 22 -1 75 -1 90 41 12 25 96 10 -1 -1 7 28 80 -1 82 26 -1 78 -1 -1 30 -1 -1 2 -1 69 -1 -1 57 -1 -1 92 29 -1 0 -1 -1 94 -1 91 35 42 52 88 -1 -1 -1 -1 39 30 -1 8 -1 34 -1 26 53 36 -1 -1 55 48 -1 -1 -1 -1 -1 54 -1 -1 68 8 -1 -1 76 -1 19 -1 25 -1 56 24 66 23 52 -1 -1 61 -1 -1 -1 -1 78 92 -1 5 48 72 -1 7 -1 -1 21 -1 -1 10 62 -1 -1 -1 89 65 15 -1 56 -1 86 68 37
28 -1 11 -1 56 65 99 50 -1 61 -1 45 -1 -1 70 33 55 95 -1 91 -1 70 47 -1 -1 -1 69 95 90 64 63 66 -1 47 11 -1 12 -1 -1 24 90 66 -1 7 93 -1 26 34 82 59 -1 -1 -1 38 -1 81 0 -1 64 16 64 -1 96 53 -1 15 63 89 55 56 -1 44 82 95 50 47 -1 -1 19 -1 81 -1 21 28 26 -1 97 -1 71 41 -1 77 21 -1 24 -1 58 41 99 22 -1 -1 9 -1 65 3 -1 -1 -1 -1 -1 53 -1 -1 9 82 47 -1 58 81 1 66 -1 72 63 100 97 62 45 -1 4 3 37 31 7 -1 -1 18 58 49
55 14 -1 -1 -1 10 -1 -1 -1 -1 -1 2 83 28 54 23 32 99 22 -1 -1 72 5 -1 96 66 -1 70 -1 91 99 93 66 73 -1 51 35 1 -1 89 58 -1 34 46 98 13 33 28 -1 -1 -1 22 47 -1 16 59 -1 0 15 53 45 56 19 16 -1 -1 -1 28 -1 81 28 -1 81 10 4 2 22 -1 -1 -1 36 46 64 68 55 46 -1 13 92 -1 -1 68 -1 87 80 -1 -1 73 9 70 57 17 -1 -1 1 -1 -1 1 -1 -1 19 49 -1 4 2 23 58 -1 15 28 46 63 -1 -1 -1 1 41 -1 5 46 61 33 -1 88 27 9 29 34 69 56
90 70 98 84 95 -1 20 60 -1 -1 -1 24 77 30 -1 -1 -1 5 27 3 63 -1 60 41 11 74 97 59 76 41 -1 78 67 -1 55 57 -1 -1 32 -1 -1 -1 -1 -1 47 59 41 -1 69 -1 99 52 17 37 59 -1 -1 73 0 41 -1 -1 -1 30 -1 39 11 23 43 -1 -1 42 32 -1 77 34 -1 -1 43 31 -1 8 49 -1 100 100 43 -1 36 -1 -1 -1 4 65 -1 -1 96 98 90 78 93 -1 -1 27 55 -1 -1 -1 4 -1 15 98 43 59 10 -1 86 -1 59 22 -1 -1 91 13 -1 83 -1 -1 60 31 -1 64 60 16 95 73 -1 94 97 -1
11 12 54 45 -1 65 83 96 57 17 -1 100 100 -1 39 44 -1 -1 14 54 49 41 -1 -1 -1 -1 -1 -1 13 -1 14 71 -1 58 -1 68 21 85 -1 15 -1 -1 67 61 -1 47 20 -1 21 75 -1 -1 -1 -1 -1 58 -1 -1 -1 0 2 -1 -1 -1 -1 -1 -1 -1 81 64 100 -1 32 93 3 43 -1 86 53 67 -1 22 -1 37 95 -1 -1 -1 -1 94 97 -1 44 -1 -1 3 -1 60 13 -1 42 -1 19 7 99 13 52 -1 96 35 -1 63 -1 63 44 -1 94 39 1 76 63 39 95 -1 27 -1 51 4 55 -1 -1 48 -1 46 35 96 57 11 -1 -1
63 62 -1 54 -1 -1 64 67 10 67 80 64 -1 49 39 59 39 -1 -1 -1 15 82 -1 -1 -1 26 79 -1 11 -1 7 -1 85 -1 -1 17 72 57 48 11 -1 21 7 28 60 -1 -1 94 38 -1 -1 -1 -1 -1 99 -1 94 13 -1 11 0 48 11 -1 -1 -1 -1 82 -1 52 33 -1 63 75 91 85 92 43 39 73 18 12 80 33 65 -1 -1 -1 12 68 -1 -1 75 -1 95 24 -1 42 73 -1 -1 -1 -1 73 88 -1 -1 -1 -1 22 10 40 20 -1 82 68 99 4 1 -1 4 -1 76 -1 98 -1 -1 -1 45 -1 -1 19 47 81 67 85 -1 -1 -1 51
36 -1 -1 77 14 79 41 57 61 91 -1 56 -1 61 10 89 12 21 49 -1 -1 90 7 -1 -1 82 -1 -1 10 41 -1 -1 -1 -1 -1 -1 3 65 64 -1 99 85 -1 44 33 25 87 -1 -1 -1 -1 96 54 54 85 47 76 -1 91 -1 9 0 24 93 98 44 -1 15 -1 11 74 86 -1 100 37 15 -1 -1 -1 34 -1 -1 68 48 52 45 -1 -1 59 37 45 -1 -1 69 91 1 2 2 35 2 87 50 58 88 -1 -1 -1 76 -1 20 -1 16 -1 95 89 -1 56 19 4 52 -1 16 35 -1 -1 49 -1 66 -1 61 33 56 -1 20 10 -1 -1 20 1 91
-1 -1 2 38 2 76 11 47 -1 -1 95 -1 45 -1 -1 -1 24 42 90 33 -1 -1 88 -1 43 70 -1 65 58 24 68 -1 73 -1 45 -1 -1 8 84 -1 61 -1 20 32 -1 100 -1 60 75 -1 79 25 -1 12 56 -1 -1 -1 42 -1 86 -1 0 -1 38 -1 22 -1 9 22 95 -1 -1 87 -1 38 -1 49 -1 96 -1 55 35 -1 -1 59 -1 68 -1 -1 84 33 60 -1 68 12 88 -1 47 -1 76 -1 45 -1 -1 87 78 20 55 -1 -1 25 -1 8 67 30 -1 23 -1 4 -1 53 68 66 -1 90 -1 18 -1 36 -1 77 25 -1 24 72 -1 -1 57 -1
-1 -1 -1 97 -1 -1 72 -1 -1 -1 -1 33 82 -1 89 57 13 -1 44 48 67 -1 -1 95 -1 52 48 12 -1 -1 15 -1 70 -1 59 1 43 -1 -1 86 -1 99 88 -1 68 41 -1 94 -1 25 32 -1 -1 31 -1 65 54 -1 50 -1 89 -1 -1 0 -1 34 62 23 83 65 49 -1 17 4 94 96 23 -1 20 51 2 96 24 91 -1 -1 94 -1 45 10 28 -1 8 -1 9 35 70 77 -1 48 -1 -1 -1 56 -1 -1 29 -1 83 54 -1 93 -1 -1 -1 45 12 65 3 67 1 4 65 11 100 -1 2 -1 54 96 12 4 -1 -1 82 94 68 -1 31 84
31 -1 -1 82 -1 -1 62 -1 8 -1 -1 85 -1 80 27 -1 48 -1 91 19 64 25 -1 62 -1 44 83 71 42 -1 7 11 12 26 18 77 54 17 -1 -1 -1 15 41 68 3 29 -1 -1 13 91 -1 65 -1 -1 42 56 16 26 -1 -1 -1 -1 -1 -1 0 13 95 88 59 -1 52 -1 52 -1 -1 28 -1 -1 54 -1 68 77 66 -1 73 -1 15 62 85 57 24 63 16 60 27 -1 71 34 81 -1 -1 23 73 19 52 94 -1 30 -1 87 57 -1 -1 34 -1 81 55 5 -1 53 -1 -1 20 -1 18 50 95 86 14 68 -1 48 18 42 92 63 54 -1 -1 85
67 -1 -1 48 -1 53 -1 84 92 100 -1 75 88 12 90 16 -1 72 -1 -1 79 70 -1 -1 -1 -1 56 8 -1 9 -1 1 88 43 87 99 -1 78 -1 22 -1 19 66 -1 98 -1 23 -1 34 -1 64 -1 -1 52 65 -1 -1 44 60 61 -1 28 8 82 98 0 -1 78 32 36 80 53 40 9 -1 36 -1 66 18 -1 43 27 29 -1 -1 -1 58 71 1 -1 98 -1 32 -1 38 -1 79 -1 84 100 75 -1 -1 2 81 71 37 21 69 -1 -1 -1 92 6 -1 30 39 17 75 -1 -1 -1 77 100 -1 -1 -1 85 71 -1 100 43 -1 -1 39 38 43 -1 -1 81
46 -1 50 -1 -1 40 40 -1 48 7 40 55 93 11 95 7 76 29 -1 30 8 50 -1 31 37 72 100 -1 15 -1 92 33 65 -1 -1 25 -1 -1 -1 -1 57 -1 -1 -1 -1 49 69 -1 -1 -1 2 20 46 100 71 53 77 12 15 -1 -1 89 46 72 3 12 0 -1 18 -1 -1 78 -1 19 11 5 75 46 -1 -1 24 -1 65 -1 -1 -1 -1 -1 29 37 -1 -1 81 94 -1 -1 84 -1 96 -1 92 -1 27 24 -1 59 83 -1 92 93 5 -1 90 58 -1 25 -1 -1 -1 -1 82 36 89 47 82 -1 -1 -1 -1 -1 -1 79 86 21 -1 80 7 13 83 -1
69 26 -1 -1 15 -1 -1 -1 34 46 47 -1 97 -1 -1 2 -1 17 3 39 89 -1 33 -1 27 50 53 82 -1 93 98 23 -1 92 83 -1 -1 40 -1 61 85 1 2 -1 68 -1 52 68 81 -1 71 -1 25 45 -1 -1 -1 30 -1 36 -1 33 55 -1 54 -1 68 0 -1 34 -1 -1 -1 12 26 -1 -1 72 -1 33 40 -1 47 -1 8 8 -1 52 91 82 78 9 81 51 22 59 21 22 1 9 87 44 31 -1 -1 81 -1 84 38 -1 -1 -1 82 -1 24 50 75 12 28 63 -1 83 71 -1 -1 -1 26 69 -1 -1 -1 94 73 99 54 8 -1 -1 -1 58
60 16 48 20 -1 -1 1 32 28 17 -1 62 -1 48 95 42 -1 -1 98 40 -1 -1 68 18 -1 99 94 -1 14 -1 18 50 -1 21 39 91 -1 7 -1 71 22 92 32 -1 -1 22 29 15 48 34 48 5 -1 43 -1 11 -1 11 21 57 -1 39 69 91 63 -1 -1 -1 0 93 -1 83 14 -1 60 53 -1 25 30 -1 35 88 10 64 -1 26 -1 95 48 94 100 -1 46 37 60 77 72 79 57 28 2 69 81 -1 -1 33 -1 34 -1 -1 -1 40 50 64 56 76 85 81 61 87 -1 24 -1 -1 48 -1 73 -1 77 48 12 27 84 -1 58 22 73 87 29 82
-1 -1 72 42 61 72 44 28 46 -1 -1 28 43 29 100 81 69 57 -1 7 64 30 -1 -1 -1 -1 99 23 28 65 98 77 87 -1 83 68 92 73 72 75 71 -1 -1 26 -1 -1 97 80 34 92 68 80 9 93 -1 -1 24 -1 50 -1 -1 21 -1 13 23 -1 -1 45 -1 0 80 -1 17 -1 5 -1 91 -1 48 42 21 20 -1 62 5 -1 26 67 92 7 16 41 2 -1 19 50 -1 -1 6 9 -1 -1 -1 28 -1 18 62 69 63 -1 -1 60 -1 -1 9 82 81 -1 88 -1 43 -1 35 -1 -1 6 -1 -1 33 -1 -1 47 23 40 56 41 -1 -1 -1 -1
81 -1 43 -1 31 4 -1 -1 -1 -1 56 -1 39 -1 96 95 -1 -1 -1 -1 -1 -1 -1 -1 -1 -1 58 -1 42 -1 27 -1 98 45 14 51 -1 31 -1 43 -1 75 6 -1 66 -1 6 63 30 -1 29 49 92 7 -1 37 -1 51 13 -1 -1 6 46 -1 -1 95 39 -1 5 22 0 32 -1 29 -1 -1 -1 46 1 26 18 17 100 71 67 68 84 46 -1 73 38 38 46 -1 -1 -1 96 -1 25 25 60 58 59 28 86 -1 24 47 3 -1 43 48 84 8 19 -1 20 57 -1 -1 -1 14 55 21 -1 81 54 43 54 60 -1 30 79 17 98 -1 48 -1 -1 65
-1 -1 3 100 4 -1 15 62 4 28 -1 38 4 19 15 14 -1 -1 13 -1 -1 85 73 -1 45 81 44 -1 -1 -1 57 -1 -1 61 -1 50 45 82 81 -1 77 -1 38 -1 29 53 -1 69 70 6 77 -1 -1 -1 57 -1 75 -1 9 -1 35 -1 -1 -1 5 15 -1 3 39 -1 97 0 -1 -1 -1 -1 -1 82 -1 94 73 68 -1 22 -1 57 -1 25 65 -1 59 -1 66 38 -1 83 48 70 -1 12 16 -1 38 -1 28 90 57 -1 -1 -1 15 65 53 -1 11 88 25 1 91 51 -1 45 99 96 69 -1 -1 29 -1 -1 39 -1 -1 -1 87 -1 16 2 35 22
29 -1 98 -1 26 -1 -1 77 28 -1 72 89 95 39 41 -1 94 49 81 -1 40 36 -1 12 38 -1 9 9 6 -1 -1 69 5 93 30 14 29 -1 -1 76 6 -1 48 67 38 97 -1 17 85 89 -1 -1 98 24 84 -1 29 -1 1 39 6 37 -1 18 34 22 -1 2 -1 -1 28 19 0 55 65 6 -1 -1 96 64 -1 -1 -1 -1 -1 -1 20 43 75 -1 -1 20 -1 48 -1 -1 50 57 22 78 -1 51 -1 -1 53 67 50 90 42 -1 -1 99 91 -1 -1 69 -1 -1 51 -1 -1 4 69 -1 64 30 -1 -1 -1 -1 53 -1 14 -1 66 -1 31 85 71 48
-1 37 12 -1 21 35 56 87 34 -1 97 11 -1 -1 94 -1 2 36 -1 36 36 86 79 -1 100 39 92 9 -1 -1 -1 -1 46 -1 54 46 95 -1 -1 -1 47 34 11 92 13 53 96 -1 36 -1 83 99 83 63 49 15 5 -1 -1 -1 -1 34 -1 -1 15 -1 -1 -1 97 91 71 -1 72 0 83 -1 -1 -1 -1 15 87 36 -1 -1 21 -1 9 12 -1 -1 30 68 73 -1 24 -1 17 82 -1 15 73 -1 -1 72 -1 47 33 37 75 39 4 40 -1 -1 38 33 89 -1 -1 -1 -1 4 69 -1 84 -1 -1 93 -1 -1 -1 -1 36 67 98 -1 -1 6 -1 22
-1 3 53 -1 -1 -1 -1 -1 -1 33 -1 49 -1 74 -1 42 28 -1 -1 63 50 -1 -1 -1 -1 45 68 -1 79 64 33 -1 24 75 87 -1 91 -1 58 -1 69 -1 47 34 61 23 -1 37 48 5 -1 -1 15 37 53 -1 -1 20 17 57 84 91 60 76 30 -1 43 76 -1 26 -1 86 8 -1 0 99 -1 91 -1 85 71 7 68 20 94 27 -1 82 34 15 14 80 16 73 41 51 25 7 -1 56 88 11 17 -1 -1 90 43 73 -1 -1 89 30 71 -1 89 47 20 38 81 -1 -1 -1 63 -1 57 88 -1 -1 76 -1 37 -1 -1 44 72 96 64 28 40 75
71 -1 31 6 -1 -1 -1 -1 -1 -1 92 78 28 22 66 90 50 39 -1 17 -1 -1 22 69 -1 88 -1 48 -1 -1 32 9 -1 81 -1 82 -1 -1 -1 54 23 -1 91 11 100 -1 51 -1 23 75 -1 41 -1 95 -1 -1 -1 -1 30 -1 -1 48 67 14 14 -1 -1 -1 39 -1 -1 -1 -1 -1 81 0 34 82 -1 54 -1 26 42 45 96 15 10 -1 -1 69 78 1 13 -1 -1 -1 44 26 49 -1 -1 76 35 1 20 44 48 -1 4 77 25 18 70 92 90 -1 -1 81 -1 -1 11 86 81 -1 53 48 51 -1 11 100 9 -1 25 97 19 73 -1 37 37 -1
-1 -1 -1 35 91 59 41 33 27 -1 -1 20 41 96 -1 20 31 86 75 44 -1 67 74 -1 34 -1 -1 -1 -1 -1 92 -1 -1 81 91 91 72 70 -1 54 -1 64 -1 27 24 84 -1 80 15 10 3 -1 -1 -1 45 31 23 -1 -1 -1 22 -1 98 27 25 47 31 78 78 16 8 -1 96 76 93 5 0 73 48 17 -1 69 1 54 -1 56 56 -1 28 28 62 93 -1 58 -1 31 -1 65 -1 87 -1 52 -1 52 37 27 -1 56 10 61 43 -1 88 4 25 -1 -1 26 91 -1 -1 90 68 71 15 14 9 55 -1 92 56 -1 -1 -1 -1 35 42 20 -1 47
54 51 -1 68 59 -1 5 60 -1 81 84 -1 80 -1 -1 -1 6 45 -1 -1 92 10 55 -1 -1 -1 17 60 40 3 59 -1 -1 -1 -1 53 -1 -1 -1 53 12 -1 49 4 32 -1 -1 80 -1 19 -1 -1 -1 100 48 13 23 34 48 46 -1 -1 84 -1 -1 -1 14 8 70 -1 24 46 -1 96 90 15 -1 0 49 -1 71 -1 25 -1 34 46 -1 -1 68 -1 12 -1 57 4 -1 80 21 -1 55 4 46 61 -1 73 100 5 6 98 -1 93 81 -1 4 -1 28 -1 66 69 29 52 76 67 78 -1 45 70 98 61 47 39 -1 -1 -1 -1 40 -1 76 66 67 -1
-1 -1 10 -1 93 69 45 75 -1 27 59 87 -1 70 -1 -1 -1 5 -1 92 4 65 1 -1 45 -1 -1 -1 -1 47 -1 -1 42 17 -1 98 -1 -1 89 98 65 -1 32 100 -1 80 41 -1 88 -1 56 -1 -1 -1 43 57 87 53 -1 -1 73 100 21 44 48 26 -1 -1 65 -1 78 -1 32 96 70 15 84 -1 0 27 37 -1 -1 -1 74 70 8 69 65 -1 -1 18 -1 -1 82 -1 -1 48 -1 -1 56 -1 78 68 27 67 45 70 83 26 53 -1 -1 13 39 -1 37 -1 98 -1 79 62 96 44 57 69 86 96 18 -1 29 -1 -1 83 80 71 2 32 -1 -1
-1 28 17 100 36 41 77 70 -1 93 19 24 -1 -1 50 24 -1 -1 -1 61 -1 -1 -1 4 19 -1 90 77 27 -1 1 32 13 49 -1 94 -1 88 -1 -1 7 41 -1 19 -1 -1 94 67 51 32 74 -1 33 83 30 61 50 83 77 -1 4 24 54 7 15 -1 78 37 -1 34 64 87 -1 -1 55 50 7 79 22 0 46 93 -1 62 9 9 -1 5 80 82 -1 70 -1 -1 -1 24 -1 12 7 46 -1 29 -1 -1 -1 -1 81 51 9 -1 -1 15 20 -1 -1 -1 23 66 15 72 13 -1 68 97 -1 97 25 -1 30 -1 31 48 58 22 -1 90 9 -1 -1 90
59 -1 -1 77 -1 38 39 -1 -1 8 93 -1 -1 -1 64 3 -1 -1 -1 -1 -1 9 58 -1 61 -1 -1 -1 24 -1 89 56 -1 -1 -1 -1 41 -1 71 67 93 69 9 69 25 -1 65 77 -1 30 -1 89 -1 -1 60 -1 -1 -1 -1 41 -1 78 -1 -1 57 -1 -1 -1 -1 96 31 23 2 -1 50 30 83 79 15 90 0 -1 75 -1 40 -1 99 -1 -1 2 84 47 40 26 91 -1 -1 15 68 79 -1 -1 9 -1 32 43 -1 4 -1 27 19 49 51 82 -1 -1 49 -1 98 -1 23 27 18 19 45 38 53 -1 33 40 94 -1 -1 83 13 71 82 -1 91 -1
15 -1 94 -1 -1 -1 13 -1 54 50 -1 80 72 -1 89 -1 -1 -1 -1 -1 17 -1 53 19 -1 -1 -1 -1 -1 83 -1 93 -1 32 -1 -1 -1 12 -1 77 32 91 66 -1 69 1 3 -1 35 83 -1 94 -1 11 -1 -1 -1 -1 -1 -1 -1 87 82 90 23 -1 -1 88 -1 53 43 -1 -1 71 -1 13 5 -1 -1 89 -1 0 -1 -1 69 -1 54 -1 -1 -1 -1 -1 70 30 -1 -1 60 47 -1 21 -1 53 -1 51 -1 63 36 100 -1 91 35 -1 -1 22 -1 -1 38 19 46 52 96 -1 63 -1 -1 65 23 -1 -1 -1 -1 -1 76 -1 27 -1 97 9 -1 -1
40 89 -1 65 -1 -1 70 -1 39 -1 67 -1 -1 -1 6 6 -1 -1 -1 -1 95 -1 49 43 58 -1 -1 43 9 -1 65 -1 -1 -1 -1 35 65 78 5 32 -1 -1 51 -1 -1 85 39 -1 7 -1 54 -1 11 13 -1 -1 40 35 100 61 -1 -1 58 91 46 35 75 -1 99 -1 -1 89 16 46 47 70 42 39 59 51 -1 -1 0 20 -1 95 -1 14 97 -1 68 -1 83 -1 97 -1 36 63 -1 -1 42 33 13 -1 65 41 -1 6 -1 -1 2 2 76 -1 -1 -1 -1 -1 81 10 -1 20 12 -1 49 -1 -1 37 59 -1 51 91 6 -1 -1 -1 -1 6 96 82
-1 67 -1 -1 20 -1 94 58 91 -1 94 -1 18 -1 30 29 -1 -1 39 -1 -1 40 57 -1 -1 3 90 -1 72 38 -1 97 26 -1 18 43 9 67 34 92 -1 40 -1 -1 -1 42 -1 51 72 -1 -1 -1 97 -1 -1 -1 21 -1 34 14 37 -1 -1 18 -1 -1 83 6 64 -1 -1 17 30 43 -1 36 64 7 30 35 91 23 -1 0 54 -1 -1 -1 93 14 74 -1 -1 -1 18 96 -1 58 9 -1 -1 75 37 66 64 17 4 -1 -1 -1 -1 -1 80 79 -1 33 -1 -1 -1 34 32 -1 -1 -1 33 16 26 -1 56 1 -1 70 -1 71 49 -1 -1 54 22 -1
93 -1 35 51 5 -1 53 -1 -1 79 60 46 -1 -1 -1 -1 12 -1 1 -1 -1 4 70 25 63 29 -1 71 58 -1 9 64 -1 36 37 -1 -1 36 31 12 -1 47 24 12 -1 -1 36 -1 8 16 80 88 -1 5 -1 -1 3 -1 36 70 48 15 -1 23 -1 98 -1 -1 34 90 -1 -1 -1 73 -1 -1 -1 35 -1 -1 -1 81 17 15 0 15 61 -1 77 -1 58 45 55 -1 42 -1 61 84 -1 97 -1 81 -1 86 79 -1 77 60 17 60 41 -1 80 57 -1 39 78 58 -1 -1 -1 -1 -1 -1 -1 79 6 -1 29 47 46 93 75 76 34 -1 -1 -1 3 -1
-1 -1 13 99 -1 -1 47 -1 52 -1 -1 61 44 -1 89 -1 -1 -1 66 47 -1 2 54 -1 -1 -1 29 10 -1 36 11 -1 50 -1 76 63 -1 96 -1 -1 1 73 84 -1 96 -1 -1 57 -1 47 -1 66 -1 97 3 85 18 -1 90 -1 48 14 -1 81 16 2 -1 18 93 -1 94 -1 15 97 70 3 -1 34 36 63 41 -1 37 -1 86 0 -1 -1 18 8 58 -1 63 14 -1 72 80 27 71 54 -1 72 76 -1 -1 61 39 79 74 10 30 -1 62 78 -1 60 -1 67 95 71 -1 7 87 -1 55 67 39 43 -1 99 -1 15 72 9 89 -1 -1 31 -1 37
-1 -1 -1 -1 26 43 -1 68 29 -1 96 87 11 76 -1 -1 94 43 100 17 -1 -1 45 34 66 99 75 34 69 28 33 -1 49 -1 -1 75 28 94 6 -1 -1 -1 -1 88 50 34 83 70 96 -1 82 -1 -1 45 30 51 33 28 99 49 -1 96 91 27 48 65 -1 16 -1 82 13 56 -1 67 -1 27 -1 -1 -1 -1 -1 -1 -1 -1 19 51 0 -1 81 -1 88 48 58 -1 91 -1 7 1 -1 -1 6 59 19 -1 -1 -1 94 48 -1 76 91 27 -1 89 -1 27 19 -1 3 -1 68 4 19 73 22 59 61 -1 23 100 16 -1 24 -1 51 34 6 -1 -1 -1
-1 -1 92 -1 96 49 -1 55 -1 58 80 62 -1 74 36 47 68 -1 -1 -1 13 42 -1 3 70 19 73 -1 72 50 36 -1 89 -1 50 -1 91 -1 -1 2 -1 59 -1 -1 84 73 89 -1 -1 -1 -1 -1 -1 100 -1 18 86 37 -1 44 19 -1 72 -1 -1 -1 -1 -1 -1 65 2 -1 -1 4 -1 96 45 6 54 17 64 -1 98 36 2 52 98 0 81 -1 47 -1 24 51 -1 -1 48 64 83 1 -1 -1 -1 96 85 -1 -1 44 -1 33 -1 78 -1 -1 27 52 -1 91 84 -1 -1 5 -1 90 -1 51 -1 84 -1 56 57 -1 -1 66 72 -1 99 36 -1 -1
16 -1 27 69 -1 -1 66 52 76 35 13 -1 83 42 -1 60 88 -1 13 -1 43 53 -1 -1 67 95 74 5 4 100 94 69 -1 95 82 -1 -1 77 88 9 -1 -1 4 -1 96 40 90 61 29 -1 -1 -1 76 -1 95 -1 -1 81 -1 17 -1 24 -1 39 8 19 35 -1 82 67 31 25 93 62 80 -1 29 42 -1 20 -1 3 62 81 -1 48 -1 -1 0 -1 -1 90 13 -1 26 -1 79 82 69 41 -1 -1 -1 80 -1 65 67 -1 -1 -1 -1 76 39 91 63 -1 61 20 -1 -1 -1 -1 1 60 -1 47 92 -1 -1 -1 -1 -1 4 -1 56 70 -1 -1 95 97
78 58 -1 72 64 28 -1 -1 -1 60 -1 -1 66 -1 -1 92 76 -1 83 -1 -1 -1 -1 -1 -1 57 -1 -1 35 15 20 40 53 -1 85 36 -1 11 61 92 -1 -1 42 12 -1 -1 -1 19 61 66 11 -1 41 34 44 -1 18 -1 -1 4 16 -1 -1 -1 -1 -1 37 -1 93 83 7 17 100 25 96 85 -1 -1 -1 45 31 74 73 18 62 -1 19 -1 -1 0 -1 -1 -1 -1 39 29 -1 -1 76 -1 -1 86 -1 41 -1 41 25 61 51 50 -1 15 5 -1 33 3 75 -1 29 -1 53 68 -1 64 -1 -1 21 17 25 -1 54 48 -1 -1 -1 -1 -1 49 84 44
92 -1 -1 -1 12 -1 27 -1 56 61 -1 -1 80 69 76 -1 -1 -1 -1 29 56 -1 -1 61 -1 -1 -1 -1 73 -1 -1 10 96 91 45 -1 42 24 42 -1 62 -1 21 -1 2 91 -1 -1 -1 37 77 79 77 -1 97 -1 19 -1 33 -1 5 -1 55 14 -1 91 48 61 16 -1 22 -1 -1 -1 96 24 89 21 97 9 23 24 83 -1 67 34 98 71 -1 99 0 64 34 19 26 -1 53 31 30 45 -1 2 62 -1 8 -1 39 -1 59 50 -1 58 -1 63 -1 -1 89 7 -1 85 21 18 44 -1 -1 96 12 75 19 4 28 -1 44 -1 39 -1 94 -1 78 -1
19 87 53 6 13 37 96 76 82 -1 25 10 77 16 -1 62 24 23 85 41 86 20 18 -1 31 40 -1 -1 13 55 12 -1 94 -1 91 67 -1 73 -1 92 27 10 36 -1 67 -1 58 -1 91 16 64 10 -1 11 -1 62 51 -1 45 -1 90 22 -1 26 17 11 -1 -1 29 13 -1 -1 -1 71 -1 -1 11 -1 53 26 37 81 -1 93 53 -1 -1 42 43 72 23 0 71 84 97 11 15 88 -1 -1 50 76 8 56 64 33 -1 -1 -1 -1 -1 72 -1 72 43 94 -1 49 -1 54 17 34 53 41 -1 -1 -1 -1 -1 -1 -1 86 -1 27 -1 -1 23 34 -1 96
38 90 -1 -1 -1 49 -1 -1 -1 34 -1 -1 -1 -1 82 -1 -1 31 40 77 22 41 83 50 26 86 13 33 75 -1 -1 28 72 38 -1 69 7 14 9 -1 -1 78 47 72 21 -1 21 -1 -1 35 -1 50 -1 -1 -1 -1 3 -1 90 55 54 41 95 22 68 -1 -1 9 -1 28 -1 -1 24 4 52 64 3 -1 -1 47 38 26 -1 95 -1 2 -1 -1 -1 94 -1 -1 0 96 28 27 -1 71 49 -1 3 -1 68 -1 16 75 39 6 -1 98 8 -1 47 89 61 -1 42 45 63 70 33 76 41 97 -1 90 -1 12 96 49 25 86 -1 94 -1 66 -1 81 48 61
75 -1 -1 99 -1 25 -1 15 -1 89 3 86 -1 8 -1 76 83 2 23 70 -1 19 63 -1 82 7 31 88 92 -1 93 33 79 95 18 -1 83 -1 -1 40 56 67 -1 64 -1 -1 17 97 41 36 -1 20 -1 29 57 -1 39 -1 -1 43 -1 -1 -1 -1 77 -1 43 41 -1 -1 -1 74 -1 95 -1 -1 65 -1 98 3 -1 -1 53 -1 -1 -1 55 84 -1 36 78 57 76 0 28 61 -1 -1 -1 -1 -1 -1 -1 97 62 -1 60 58 -1 86 60 2 -1 79 5 -1 14 -1 25 78 46 53 26 -1 -1 86 -1 7 85 90 -1 13 -1 -1 27 20 77 -1 -1 40
11 32 8 76 -1 83 36 86 -1 -1 -1 -1 7 80 55 35 1 2 -1 53 -1 34 8 -1 -1 60 65 -1 -1 -1 100 14 48 95 94 27 86 41 2 23 -1 25 -1 68 40 10 -1 84 75 -1 -1 56 13 -1 67 4 -1 -1 -1 62 47 -1 -1 35 -1 73 50 93 45 79 99 -1 -1 10 -1 65 -1 63 -1 7 -1 89 -1 35 -1 91 20 -1 65 -1 -1 93 -1 -1 0 31 72 31 -1 85 -1 -1 -1 73 -1 32 57 -1 24 57 -1 97 20 4 -1 63 16 -1 -1 -1 36 -1 91 -1 88 13 -1 -1 -1 -1 -1 49 69 77 31 23 64 -1 -1 98
-1 -1 45 71 62 44 -1 17 37 -1 2 -1 84 54 60 73 86 67 36 86 -1 73 -1 -1 24 54 29 78 17 32 -1 -1 75 -1 75 54 32 26 -1 30 -1 -1 30 11 93 52 36 -1 -1 -1 44 91 -1 29 -1 41 -1 39 -1 67 78 73 -1 -1 -1 7 95 49 -1 11 32 95 -1 36 23 81 58 83 -1 -1 26 51 19 -1 82 72 67 48 23 81 59 82 -1 -1 10 0 -1 -1 22 -1 -1 -1 -1 1 76 56 32 -1 90 -1 16 29 30 -1 26 74 42 -1 -1 54 93 21 4 4 -1 47 1 92 -1 -1 47 -1 -1 -1 69 20 19 48 87 -1
73 -1 -1 44 68 -1 68 16 -1 -1 77 88 63 14 -1 -1 -1 80 80 35 -1 32 -1 -1 18 95 11 24 -1 -1 45 11 -1 19 -1 63 12 -1 -1 -1 24 -1 32 28 -1 57 93 -1 8 -1 65 -1 51 -1 68 17 42 91 26 73 -1 -1 -1 45 93 -1 5 -1 -1 49 87 56 68 2 1 10 -1 -1 63 -1 5 -1 -1 10 76 -1 62 79 52 -1 80 -1 27 62 41 -1 0 -1 -1 30 32 35 -1 71 40 86 69 29 -1 -1 30 15 97 -1 85 29 -1 54 29 99 -1 -1 27 -1 62 97 -1 -1 1 23 -1 53 18 79 31 -1 -1 74 79 72
-1 75 79 45 92 -1 41 92 -1 6 -1 42 55 76 30 -1 39 -1 14 8 -1 68 -1 68 12 -1 -1 -1 22 80 -1 87 -1 86 76 -1 96 -1 66 -1 21 43 91 36 40 70 -1 65 2 63 46 -1 20 22 45 57 -1 -1 -1 -1 -1 -1 -1 -1 -1 -1 74 35 -1 54 -1 -1 -1 2 -1 -1 3 -1 -1 -1 -1 -1 87 50 60 -1 59 57 11 28 -1 -1 96 47 100 91 33 0 72 94 99 -1 80 87 -1 93 13 -1 -1 -1 2 91 44 20 -1 3 60 -1 13 42 73 47 -1 75 75 5 3 59 -1 -1 -1 -1 87 10 -1 41 96 10 -1 93
-1 18 -1 -1 27 -1 18 91 58 42 44 -1 10 83 -1 33 53 89 51 46 73 -1 46 94 70 67 76 -1 34 -1 56 -1 80 62 -1 100 42 -1 95 27 -1 86 -1 -1 -1 -1 59 57 78 86 79 -1 2 36 -1 58 -1 55 16 81 65 69 -1 -1 92 -1 -1 -1 13 86 76 97 49 41 -1 -1 15 50 70 39 44 -1 -1 93 99 1 -1 -1 -1 -1 2 -1 -1 -1 -1 -1 48 88 0 71 19 -1 47 90 -1 -1 2 88 66 -1 6 29 -1 -1 99 59 94 86 39 -1 55 28 66 -1 8 1 -1 -1 41 24 -1 81 63 2 -1 54 55 15 45 37
18 64 46 50 -1 37 -1 -1 44 39 28 90 -1 68 62 -1 23 -1 10 52 -1 21 92 8 -1 -1 87 89 -1 91 70 71 -1 -1 32 -1 -1 86 74 -1 -1 -1 -1 23 35 8 77 63 64 -1 41 -1 -1 55 -1 30 43 82 -1 -1 68 80 45 -1 -1 66 26 12 -1 -1 72 4 50 -1 20 90 -1 90 -1 86 4 65 85 94 52 78 30 92 -1 90 90 67 59 15 3 37 65 63 -1 0 -1 -1 -1 82 -1 15 29 63 95 13 -1 -1 -1 92 -1 -1 -1 -1 69 -1 19 69 64 11 23 42 9 -1 30 -1 -1 100 62 79 -1 55 -1 -1 13 41
73 79 -1 60 80 -1 79 3 31 -1 75 38 89 47 -1 -1 97 -1 61 -1 -1 -1 61 20 -1 59 13 -1 87 -1 -1 37 94 70 75 58 14 53 10 89 -1 54 19 -1 3 -1 -1 28 -1 10 1 -1 -1 -1 21 42 -1 31 50 6 8 34 -1 74 -1 -1 -1 -1 75 2 -1 82 45 46 -1 -1 -1 -1 60 27 79 69 -1 -1 -1 -1 34 16 48 29 -1 52 -1 -1 -1 -1 17 97 26 -1 0 67 72 -1 4 -1 68 49 46 -1 80 29 41 -1 -1 86 -1 79 -1 -1 -1 49 5 -1 1 80 -1 -1 53 -1 -1 64 -1 45 92 -1 41 38 -1 19
53 11 -1 -1 25 -1 20 -1 58 -1 28 88 97 68 50 -1 79 92 73 41 97 15 -1 97 96 -1 82 -1 94 -1 50 20 14 24 11 -1 22 -1 45 81 1 39 5 6 92 23 75 -1 -1 -1 -1 -1 -1 -1 -1 93 99 87 46 -1 98 6 51 51 -1 -1 2 -1 48 -1 -1 -1 76 -1 70 -1 -1 44 -1 34 18 -1 21 57 5 14 32 -1 60 47 3 72 -1 63 67 89 -1 60 -1 -1 47 0 14 55 17 93 42 -1 -1 30 83 -1 42 -1 61 20 -1 -1 -1 -1 65 -1 -1 8 -1 -1 21 41 -1 -1 60 1 -1 2 75 -1 37 44 71 94
38 97 -1 25 17 24 43 56 87 81 56 21 88 45 45 100 -1 -1 -1 -1 -1 -1 9 -1 -1 55 78 -1 -1 -1 77 90 -1 -1 -1 6 -1 8 -1 -1 30 -1 77 -1 -1 60 -1 82 73 16 -1 -1 -1 -1 -1 -1 -1 -1 19 57 70 13 -1 53 34 51 82 -1 -1 -1 14 -1 -1 -1 56 -1 35 -1 -1 67 -1 -1 55 69 -1 -1 46 65 42 5 -1 24 95 -1 74 75 -1 10 69 74 15 28 0 -1 -1 100 -1 -1 -1 40 -1 -1 -1 10 44 40 88 -1 -1 -1 38 36 78 -1 13 -1 -1 -1 17 3 98 1 53 -1 -1 91 64 -1 85 37
-1 46 77 75 46 29 45 57 66 10 -1 13 -1 15 30 14 37 53 -1 37 73 64 -1 80 43 18 35 54 -1 1 93 20 -1 -1 34 91 -1 -1 -1 -1 -1 -1 71 -1 -1 85 80 8 18 -1 47 -1 21 -1 82 65 15 -1 73 66 50 -1 65 -1 2 -1 36 -1 -1 54 24 -1 -1 -1 -1 57 68 43 57 -1 31 -1 -1 -1 99 9 87 36 46 46 -1 -1 15 86 8 96 -1 -1 -1 -1 63 28 98 0 16 -1 56 -1 -1 -1 60 37 76 -1 -1 81 -1 -1 36 -1 -1 -1 1 93 13 62 -1 17 56 -1 -1 -1 76 -1 -1 -1 5 96 -1 10
-1 74 66 28 21 97 54 -1 60 20 -1 -1 -1 19 7 89 49 -1 -1 76 10 -1 60 -1 -1 -1 46 -1 12 24 -1 4 67 89 -1 -1 53 16 -1 -1 63 -1 -1 76 31 9 -1 15 9 -1 21 94 70 96 100 -1 34 48 10 -1 -1 -1 -1 7 -1 -1 -1 48 26 -1 72 -1 -1 35 81 -1 58 74 11 100 -1 73 -1 74 44 4 76 51 30 -1 46 7 10 -1 -1 46 -1 -1 -1 8 86 67 68 -1 0 -1 61 -1 12 74 56 64 29 -1 -1 63 -1 50 55 88 -1 49 49 21 -1 55 -1 -1 81 -1 -1 -1 -1 57 88 86 16 82 -1 -1
-1 99 11 -1 -1 69 100 82 58 85 36 72 68 70 -1 11 46 66 -1 60 68 97 49 47 -1 52 -1 9 73 -1 -1 5 -1 -1 -1 -1 -1 -1 -1 -1 36 82 33 15 56 18 -1 -1 5 -1 -1 34 80 -1 -1 24 45 -1 16 15 -1 -1 -1 74 -1 -1 91 64 -1 -1 -1 -1 -1 -1 93 70 -1 -1 -1 30 38 39 44 -1 47 31 9 35 98 17 -1 56 33 75 30 -1 -1 -1 43 26 89 73 55 78 96 0 38 93 -1 -1 31 -1 -1 15 -1 -1 -1 29 42 33 54 -1 99 25 -1 48 38 -1 19 -1 -1 26 42 -1 -1 -1 -1 28 -1 -1
24 -1 -1 -1 51 -1 52 72 5 66 -1 71 46 18 29 -1 -1 65 76 -1 47 44 90 37 64 29 -1 75 57 -1 -1 47 34 73 12 75 95 13 94 61 26 46 -1 93 45 -1 -1 -1 -1 -1 87 -1 26 89 97 3 79 40 -1 49 86 -1 -1 63 -1 -1 97 -1 -1 64 22 67 41 23 -1 -1 -1 -1 3 -1 89 -1 51 81 20 -1 -1 -1 -1 -1 66 -1 -1 40 -1 53 35 27 81 -1 -1 -1 35 -1 -1 48 0 38 -1 91 24 74 -1 60 78 -1 -1 67 -1 -1 44 49 38 -1 -1 96 20 -1 92 71 -1 78 25 12 99 97 94 39 40 19
-1 4 51 -1 94 60 -1 64 28 33 30 -1 82 59 9 -1 73 99 -1 -1 -1 8 -1 -1 -1 -1 -1 -1 25 1 -1 38 59 46 18 68 77 23 91 65 6 -1 -1 13 -1 4 -1 -1 47 -1 -1 54 49 19 32 -1 -1 -1 100 30 78 21 -1 -1 99 -1 49 68 -1 -1 -1 81 89 -1 55 -1 -1 -1 12 -1 98 98 -1 95 52 93 67 -1 -1 -1 11 95 -1 88 70 85 92 -1 70 54 -1 -1 12 17 11 28 25 0 -1 68 -1 92 82 70 -1 -1 -1 83 -1 91 47 56 -1 -1 -1 100 100 12 -1 -1 -1 -1 -1 -1 -1 63 34 22 74 96
98 -1 75 51 50 33 -1 89 63 -1 11 68 -1 91 -1 29 25 96 49 54 -1 16 13 61 32 -1 -1 -1 71 -1 -1 -1 27 9 -1 -1 72 31 11 13 34 -1 73 90 86 -1 -1 -1 -1 47 86 -1 -1 -1 -1 -1 73 -1 20 40 77 67 -1 -1 31 -1 -1 -1 89 -1 -1 48 -1 -1 1 88 39 -1 -1 40 -1 24 77 4 46 -1 63 -1 80 15 45 -1 -1 65 68 93 -1 10 29 2 -1 49 3 59 -1 99 88 -1 0 1 82 -1 19 28 64 93 43 77 -1 37 26 36 -1 76 -1 -1 25 50 -1 -1 15 97 -1 -1 24 -1 36 -1 -1 26
48 -1 55 60 83 66 92 -1 24 97 -1 63 86 91 38 34 74 -1 3 63 33 96 -1 -1 31 83 73 26 2 -1 -1 59 -1 58 -1 -1 17 48 1 65 21 -1 87 46 59 -1 17 -1 -1 -1 75 26 30 34 79 98 53 88 -1 68 76 -1 -1 -1 44 -1 76 -1 49 36 -1 -1 41 89 -1 -1 16 9 4 -1 17 2 28 26 -1 85 -1 12 -1 -1 48 100 11 96 65 -1 -1 61 78 47 47 -1 13 -1 22 76 6 12 -1 0 -1 -1 63 27 -1 -1 -1 6 84 9 20 77 -1 -1 67 -1 -1 33 -1 20 -1 62 91 13 -1 21 -1 -1 38 35
80 43 93 -1 -1 11 -1 23 93 48 -1 -1 63 71 -1 25 -1 87 -1 87 -1 28 73 -1 45 67 17 55 26 85 -1 -1 -1 -1 -1 -1 -1 -1 -1 60 55 97 92 21 64 53 80 20 32 80 48 41 -1 29 -1 50 87 14 71 50 35 -1 64 -1 67 -1 -1 -1 100 94 -1 13 -1 55 -1 77 -1 31 -1 -1 84 89 -1 -1 -1 6 22 57 -1 -1 68 -1 88 78 4 29 30 16 -1 53 17 63 26 76 56 -1 26 -1 71 -1 0 -1 84 -1 -1 97 45 90 -1 78 -1 -1 -1 -1 -1 -1 94 58 -1 -1 5 -1 12 82 -1 -1 24 -1 -1 80
-1 -1 96 78 9 16 -1 -1 89 -1 82 12 78 14 40 75 24 34 97 -1 -1 -1 -1 63 -1 24 -1 99 54 -1 5 -1 -1 -1 33 4 -1 -1 -1 52 -1 40 -1 66 -1 -1 68 29 -1 20 87 -1 45 -1 42 90 11 -1 16 77 11 56 95 36 84 34 -1 47 -1 30 23 -1 28 75 -1 60 57 88 -1 62 31 -1 -1 78 -1 -1 72 55 -1 17 20 58 -1 -1 2 48 -1 -1 100 41 -1 18 -1 -1 85 -1 -1 81 5 64 26 0 -1 -1 85 -1 -1 85 59 85 -1 72 53 -1 90 -1 18 -1 7 -1 -1 20 -1 45 1 24 42 64 -1 -1
-1 -1 -1 -1 52 -1 1 5 -1 -1 32 31 30 28 45 55 -1 -1 69 -1 24 -1 -1 48 82 -1 46 87 100 45 -1 55 -1 -1 -1 50 65 21 29 -1 52 -1 -1 -1 -1 73 -1 -1 -1 -1 22 56 -1 72 79 -1 15 4 -1 11 53 17 32 -1 -1 99 51 -1 25 -1 -1 -1 -1 49 7 30 74 12 75 66 37 29 -1 -1 3 81 -1 82 57 100 74 -1 -1 -1 -1 18 23 81 -1 87 47 44 77 65 75 -1 -1 -1 8 25 -1 46 0 -1 63 19 76 -1 -1 83 -1 49 -1 93 -1 46 -1 36 -1 -1 41 88 70 -1 -1 -1 -1 62 87 22
44 -1 -1 -1 81 -1 -1 55 90 90 83 43 6 56 40 -1 89 22 -1 46 87 -1 82 -1 14 36 -1 61 6 30 -1 -1 -1 60 -1 18 -1 96 36 -1 9 46 -1 12 62 18 12 -1 62 10 57 19 72 61 62 9 29 52 -1 42 62 -1 71 1 46 -1 74 -1 -1 -1 76 51 69 32 59 -1 -1 -1 25 -1 -1 36 8 -1 -1 74 -1 45 3 -1 33 -1 72 63 34 93 32 52 52 -1 -1 37 31 -1 94 78 18 94 34 -1 80 78 -1 0 -1 49 25 95 -1 63 17 85 17 -1 7 83 -1 61 -1 1 48 32 7 -1 32 20 -1 89 -1 -1
76 -1 98 54 -1 -1 -1 91 -1 40 100 10 77 11 46 4 -1 24 -1 -1 84 -1 21 55 -1 95 65 68 -1 -1 -1 39 28 -1 80 47 73 76 -1 54 86 93 18 -1 6 12 76 -1 -1 -1 -1 14 83 -1 -1 28 -1 -1 8 -1 23 37 52 -1 62 -1 23 31 98 -1 11 87 -1 -1 24 -1 -1 38 -1 40 4 47 57 -1 -1 1 7 -1 60 -1 92 36 86 -1 -1 -1 23 19 -1 -1 54 59 16 23 42 43 68 86 -1 53 84 59 -1 95 0 97 65 16 -1 -1 83 51 -1 -1 -1 -1 -1 50 63 21 1 -1 -1 -1 80 35 51 7 -1 31
67 -1 60 -1 -1 -1 96 -1 -1 31 -1 30 -1 -1 66 28 -1 -1 100 -1 40 26 -1 -1 16 78 22 34 -1 12 -1 -1 -1 49 67 58 92 62 -1 37 69 89 -1 69 -1 60 -1 -1 -1 97 5 89 98 38 -1 75 2 79 -1 -1 92 13 28 -1 92 54 60 -1 -1 -1 -1 86 -1 99 -1 51 47 97 -1 68 -1 93 -1 66 25 -1 49 67 60 24 64 76 96 51 -1 92 5 -1 -1 39 76 56 63 11 36 -1 34 8 27 -1 36 15 -1 -1 -1 0 95 -1 79 84 -1 21 84 -1 93 37 37 -1 -1 13 -1 26 81 -1 37 -1 44 6 61 33
19 74 92 98 -1 -1 -1 -1 -1 8 75 -1 -1 48 -1 79 17 42 14 51 -1 25 -1 50 39 20 92 -1 9 77 -1 35 96 14 56 30 22 -1 15 83 58 11 53 40 39 12 -1 56 -1 65 86 97 -1 68 11 67 17 94 -1 7 89 -1 98 -1 -1 2 -1 -1 -1 72 -1 91 59 93 -1 1 56 61 38 13 62 98 -1 -1 -1 -1 -1 53 10 -1 22 33 -1 38 53 -1 66 -1 -1 -1 1 9 41 62 13 -1 59 74 41 11 -1 -1 97 -1 13 99 0 -1 37 100 59 68 -1 -1 87 72 78 -1 -1 6 4 6 42 -1 60 27 -1 -1 -1 -1
77 92 -1 -1 -1 100 -1 81 -1 86 33 28 -1 41 -1 49 -1 -1 31 -1 72 -1 29 67 -1 -1 61 88 -1 -1 47 -1 -1 44 49 40 22 70 82 -1 7 59 -1 2 86 1 66 2 66 46 -1 92 3 52 39 33 -1 34 58 32 24 76 64 -1 -1 -1 -1 22 58 -1 54 -1 -1 45 -1 -1 51 38 55 62 10 10 50 96 -1 -1 -1 -1 82 53 46 28 -1 -1 -1 10 -1 63 59 59 -1 8 98 -1 93 30 -1 1 13 86 32 -1 7 -1 65 -1 -1 0 16 -1 -1 84 1 -1 94 -1 4 -1 86 -1 69 78 54 -1 17 50 7 34 -1 43
43 86 -1 80 25 -1 60 -1 39 59 52 37 -1 6 52 3 81 -1 62 15 1 32 -1 -1 7 11 54 4 -1 -1 31 56 32 -1 -1 -1 88 -1 -1 94 -1 82 -1 -1 8 70 11 67 -1 -1 -1 -1 51 -1 12 3 -1 28 -1 -1 62 70 -1 16 -1 54 -1 3 -1 -1 35 91 51 78 -1 -1 -1 55 49 31 -1 39 96 63 87 16 -1 -1 68 -1 96 43 -1 64 -1 55 -1 48 -1 78 -1 -1 28 21 39 60 10 32 87 49 -1 30 20 -1 80 -1 45 -1 0 -1 72 -1 -1 -1 10 64 -1 36 -1 96 74 4 14 8 10 -1 -1 22 51 63
-1 89 -1 -1 69 80 -1 -1 -1 73 -1 69 60 -1 17 36 12 -1 -1 -1 -1 -1 24 23 75 11 -1 98 19 82 -1 66 -1 -1 52 -1 54 16 -1 57 85 -1 -1 92 83 -1 -1 -1 4 -1 64 78 -1 76 -1 95 48 55 -1 93 10 70 -1 -1 78 -1 -1 34 -1 47 -1 4 -1 -1 80 42 54 46 -1 17 51 -1 -1 84 -1 -1 -1 40 74 1 42 84 60 -1 84 -1 -1 34 -1 -1 -1 -1 61 38 38 39 83 -1 59 96 19 61 -1 41 70 -1 31 -1 -1 0 10 -1 5 24 54 12 36 35 60 -1 57 17 25 -1 46 3 47 -1 -1 -1
47 70 -1 -1 -1 39 54 31 89 -1 30 34 54 -1 -1 2 -1 -1 -1 -1 -1 57 -1 -1 32 11 89 -1 51 -1 -1 62 68 -1 -1 68 -1 91 -1 2 -1 -1 81 -1 17 1 -1 1 92 42 -1 -1 -1 30 94 -1 38 96 100 -1 -1 -1 -1 -1 -1 42 79 27 -1 93 -1 -1 47 -1 54 52 91 92 61 -1 -1 -1 -1 -1 96 85 -1 70 10 39 65 -1 23 64 -1 33 64 71 57 97 -1 -1 11 51 -1 -1 10 -1 28 -1 -1 21 -1 -1 70 -1 -1 -1 89 41 0 -1 87 -1 -1 -1 76 68 54 88 -1 -1 -1 -1 53 54 15 -1 7 14
-1 4 -1 63 -1 79 64 43 -1 41 18 52 -1 -1 65 59 40 87 76 78 44 -1 60 -1 38 33 -1 69 -1 39 -1 -1 -1 92 -1 -1 -1 -1 32 -1 -1 76 -1 -1 71 -1 13 7 -1 27 -1 -1 -1 -1 2 -1 49 70 -1 54 -1 28 89 -1 91 18 45 30 80 -1 -1 5 -1 8 -1 72 21 44 -1 14 -1 -1 -1 10 -1 24 -1 91 -1 78 -1 -1 -1 98 99 64 34 37 -1 92 8 77 82 -1 -1 66 -1 69 24 27 87 96 4 -1 42 -1 96 -1 96 94 76 0 97 84 -1 80 30 41 -1 92 46 21 -1 -1 7 58 65 18 75 15
63 23 -1 48 -1 79 55 -1 69 -1 84 -1 -1 -1 -1 -1 -1 54 30 -1 -1 -1 -1 29 35 94 95 -1 45 -1 77 77 24 69 40 66 -1 75 -1 -1 40 23 -1 25 -1 -1 -1 -1 66 53 31 -1 -1 -1 16 12 -1 46 -1 -1 -1 -1 46 -1 -1 95 -1 29 77 -1 -1 63 -1 -1 47 -1 -1 11 60 83 26 4 -1 -1 -1 20 92 98 29 29 -1 66 -1 -1 60 -1 -1 -1 -1 -1 99 -1 30 -1 87 22 81 -1 -1 -1 61 77 22 86 -1 74 92 92 2 67 -1 -1 0 20 9 10 82 -1 -1 -1 89 63 50 -1 -1 32 74 67 100 -1
-1 -1 -1 91 2 30 -1 -1 -1 28 51 -1 -1 7 36 35 -1 29 -1 55 -1 34 15 82 -1 -1 13 48 -1 -1 11 26 45 30 3 -1 -1 12 22 65 61 93 -1 -1 -1 -1 -1 -1 43 -1 70 96 64 -1 49 93 25 -1 -1 44 -1 98 -1 100 -1 35 45 82 48 79 19 -1 39 -1 39 -1 59 50 74 -1 9 -1 41 66 10 64 86 84 22 95 4 -1 -1 28 76 19 40 80 -1 53 -1 -1 26 51 -1 -1 -1 -1 56 86 55 54 -1 -1 -1 10 20 58 72 -1 -1 80 84 0 69 78 25 -1 -1 11 16 -1 51 26 69 3 63 -1 93 -1
-1 -1 83 -1 -1 46 -1 -1 58 -1 77 -1 1 63 28 21 -1 -1 32 -1 -1 -1 19 -1 43 -1 -1 -1 53 -1 30 75 9 -1 -1 -1 80 97 98 100 46 -1 -1 78 38 -1 48 6 46 63 -1 40 8 -1 70 22 43 -1 -1 22 36 44 -1 -1 1 17 -1 51 -1 54 -1 71 -1 64 46 -1 -1 74 43 -1 19 100 77 -1 33 -1 -1 -1 82 16 28 28 14 65 -1 63 28 3 41 -1 95 -1 -1 -1 62 20 -1 40 -1 -1 -1 49 -1 -1 15 83 42 19 -1 32 41 88 4 -1 0 30 -1 -1 31 -1 18 91 -1 54 42 44 92 -1 51 32
89 -1 96 98 92 27 21 -1 59 89 -1 67 27 28 74 100 -1 43 -1 79 74 36 58 21 -1 64 24 82 -1 14 -1 73 -1 -1 74 68 27 -1 -1 -1 54 12 27 5 -1 -1 33 25 -1 51 100 -1 -1 -1 9 -1 -1 -1 -1 -1 35 31 12 65 55 -1 41 65 78 -1 -1 85 40 -1 1 -1 44 89 -1 14 -1 54 17 65 55 57 94 80 27 82 23 82 -1 65 38 60 3 14 19 93 87 -1 -1 50 -1 -1 -1 -1 49 2 72 -1 -1 -1 8 63 62 88 14 19 6 47 -1 -1 -1 0 5 -1 64 22 32 28 -1 -1 -1 78 -1 94 3 76
90 35 39 60 -1 91 -1 -1 -1 33 28 30 1 -1 70 70 29 -1 22 34 80 98 35 -1 63 -1 39 -1 -1 13 -1 72 -1 -1 -1 56 88 -1 97 34 67 80 89 24 33 98 20 68 -1 -1 -1 11 -1 -1 37 -1 -1 -1 -1 -1 -1 58 -1 -1 -1 22 91 -1 -1 13 57 79 32 29 92 22 -1 -1 -1 89 -1 -1 68 2 -1 -1 94 39 64 35 30 -1 99 63 -1 -1 -1 -1 27 -1 30 61 -1 -1 65 -1 -1 2 -1 26 52 -1 61 -1 16 91 25 -1 21 -1 12 43 30 -1 -1 -1 0 24 -1 -1 -1 3 11 99 3 -1 16 -1 -1 -1
-1 -1 -1 10 57 -1 -1 43 34 -1 -1 79 39 72 -1 -1 95 -1 34 -1 73 99 84 -1 -1 33 78 -1 -1 -1 11 -1 -1 89 68 29 99 -1 -1 -1 -1 -1 -1 -1 -1 -1 91 -1 -1 -1 21 -1 -1 61 15 100 91 91 -1 97 14 87 -1 53 14 -1 96 92 -1 -1 49 -1 68 97 -1 23 -1 -1 33 97 18 34 70 8 -1 19 2 19 86 3 -1 44 81 32 -1 66 -1 12 38 -1 95 75 88 91 -1 69 -1 -1 69 78 -1 57 26 85 -1 5 -1 54 57 95 91 29 43 57 69 -1 18 0 -1 66 4 19 -1 79 71 -1 18 -1 -1 97
2 -1 -1 -1 75 24 -1 -1 -1 -1 13 32 91 -1 -1 -1 43 99 45 -1 -1 -1 -1 -1 -1 43 -1 -1 68 -1 16 81 3 7 58 73 98 -1 70 13 23 46 77 -1 69 -1 97 84 46 84 -1 33 81 -1 54 -1 14 38 57 -1 -1 -1 11 -1 59 80 -1 79 17 66 -1 50 69 -1 22 -1 48 42 -1 28 -1 99 -1 -1 2 -1 100 -1 85 92 -1 97 5 67 65 -1 -1 -1 35 90 73 -1 59 -1 54 70 75 96 21 10 54 13 84 62 87 91 85 84 -1 11 97 4 51 12 -1 48 37 59 0 96 32 -1 64 -1 17 -1 40 76 57 -1
-1 -1 47 -1 84 54 -1 24 93 -1 -1 34 69 89 -1 -1 92 -1 79 78 37 38 38 48 -1 -1 -1 100 -1 -1 -1 47 21 46 -1 -1 -1 -1 -1 36 -1 98 88 -1 67 28 -1 -1 -1 40 -1 -1 -1 16 81 64 -1 -1 82 50 75 -1 -1 73 41 51 84 -1 61 40 74 96 -1 15 -1 -1 -1 82 96 -1 -1 52 3 -1 77 52 -1 58 45 -1 43 75 81 -1 77 53 84 88 7 52 10 17 -1 -1 66 32 5 91 5 98 -1 76 40 65 77 -1 -1 99 15 96 -1 84 71 17 35 -1 18 -1 -1 0 51 49 64 36 -1 90 67 9 -1 76
53 82 15 25 -1 14 21 -1 -1 -1 89 -1 15 99 -1 5 70 73 -1 4 -1 -1 35 75 43 -1 -1 38 73 -1 69 -1 92 60 24 97 56 -1 -1 91 -1 84 21 -1 8 43 -1 63 57 93 -1 80 -1 -1 -1 73 53 46 76 10 70 34 -1 49 -1 -1 -1 30 38 34 -1 12 37 -1 -1 87 83 57 10 34 -1 -1 -1 61 24 14 26 4 -1 -1 -1 51 81 39 1 80 88 -1 -1 -1 96 72 41 40 -1 71 -1 -1 -1 33 22 -1 34 -1 46 68 -1 -1 -1 24 72 -1 -1 -1 17 -1 -1 59 38 9 0 -1 37 -1 42 -1 26 84 23 -1
-1 89 94 -1 -1 71 -1 -1 47 -1 -1 90 79 -1 75 -1 -1 -1 87 90 74 8 57 41 -1 52 49 -1 74 -1 -1 -1 -1 -1 26 -1 -1 -1 -1 36 53 40 -1 18 -1 -1 -1 89 -1 -1 58 -1 18 -1 43 10 -1 99 82 -1 -1 4 12 17 -1 30 -1 40 43 100 57 -1 -1 91 -1 -1 -1 94 84 6 30 -1 -1 -1 11 81 -1 -1 -1 -1 -1 -1 -1 -1 55 -1 60 -1 -1 58 27 -1 -1 98 -1 11 88 8 87 -1 51 32 5 -1 52 -1 64 12 94 65 -1 84 -1 76 -1 -1 -1 98 -1 -1 79 0 14 59 -1 -1 100 26 -1 -1
99 57 -1 51 9 85 -1 31 -1 -1 -1 -1 100 -1 6 -1 -1 -1 29 8 -1 35 74 26 61 41 86 79 -1 61 -1 -1 69 -1 98 92 46 -1 -1 -1 49 -1 -1 -1 -1 83 28 83 65 -1 -1 8 43 59 -1 57 37 -1 -1 -1 -1 7 -1 95 64 -1 -1 -1 -1 4 -1 -1 3 45 53 -1 85 -1 37 13 -1 5 92 85 100 54 4 41 37 -1 74 -1 54 13 -1 91 1 32 83 70 76 -1 -1 20 91 47 -1 -1 -1 49 9 -1 -1 -1 69 -1 24 79 -1 37 100 73 71 -1 -1 94 5 -1 17 85 9 15 0 7 -1 5 -1 20 56 92
-1 31 -1 28 63 66 -1 12 -1 18 73 -1 32 -1 -1 10 15 85 90 22 32 -1 -1 55 47 27 -1 -1 27 76 86 20 74 -1 -1 -1 -1 66 -1 78 24 49 87 -1 -1 82 -1 37 -1 33 2 88 47 27 93 -1 67 37 -1 -1 55 88 -1 16 -1 29 -1 -1 9 -1 -1 -1 37 -1 -1 23 89 -1 5 45 -1 -1 60 43 -1 -1 -1 -1 43 33 -1 -1 -1 35 -1 70 26 11 26 32 49 22 -1 74 90 77 42 47 32 4 -1 -1 78 47 37 -1 -1 72 -1 82 -1 66 48 66 -1 -1 88 -1 -1 -1 49 -1 -1 0 83 -1 -1 93 -1 -1
62 -1 61 53 30 -1 49 5 99 66 62 38 -1 -1 -1 57 -1 -1 26 -1 89 33 65 -1 58 -1 42 41 -1 41 -1 -1 96 38 -1 85 -1 40 77 -1 -1 -1 33 47 68 12 -1 -1 -1 56 52 -1 -1 6 50 76 26 -1 69 -1 -1 23 18 -1 -1 -1 56 -1 -1 55 -1 57 -1 -1 10 60 74 16 89 45 -1 79 78 -1 -1 31 31 -1 65 55 -1 9 68 51 42 83 29 88 98 29 40 28 -1 69 1 -1 39 -1 96 96 -1 22 -1 87 79 33 82 16 48 -1 -1 13 80 -1 -1 62 -1 14 48 -1 30 -1 20 -1 0 -1 -1 -1 6 -1
2 -1 54 52 -1 5 84 73 43 -1 -1 79 52 -1 59 95 -1 67 -1 53 24 46 36 -1 -1 -1 30 86 95 46 13 32 -1 -1 64 -1 20 -1 94 29 62 96 53 -1 -1 -1 58 -1 31 -1 50 76 92 -1 78 -1 -1 3 26 -1 70 -1 -1 -1 -1 -1 28 43 -1 2 19 -1 -1 36 62 75 -1 -1 48 95 43 29 -1 -1 98 21 16 11 -1 -1 63 61 -1 53 77 83 50 26 64 -1 40 38 2 61 -1 35 -1 8 36 25 -1 -1 -1 33 42 -1 27 -1 94 58 -1 -1 -1 68 -1 -1 83 33 30 -1 11 -1 75 -1 -1 0 100 -1 33 37
-1 -1 3 5 -1 79 76 16 37 85 43 98 15 45 -1 -1 18 -1 -1 12 4 52 7 -1 17 20 13 -1 -1 -1 95 8 85 65 19 11 32 73 12 -1 -1 97 -1 36 93 71 -1 -1 39 -1 12 -1 -1 -1 -1 -1 -1 -1 13 1 83 30 46 54 48 20 -1 12 38 72 3 80 -1 -1 -1 19 -1 18 11 72 17 56 50 5 -1 -1 88 45 -1 21 6 -1 -1 18 68 87 -1 17 47 77 54 -1 50 51 92 33 96 -1 -1 57 -1 22 -1 83 -1 -1 -1 77 22 -1 58 -1 -1 -1 -1 67 99 92 -1 91 -1 16 61 -1 14 11 0 -1 -1 53
43 35 -1 -1 30 -1 -1 -1 71 77 21 67 -1 69 -1 38 54 -1 -1 -1 -1 -1 -1 -1 47 59 86 -1 -1 10 20 95 -1 25 -1 -1 94 -1 58 49 50 -1 87 24 -1 -1 71 -1 -1 83 56 28 -1 42 -1 46 46 -1 60 67 53 -1 -1 83 -1 2 90 91 -1 49 39 58 57 25 73 -1 -1 56 42 14 -1 98 -1 50 -1 91 47 95 -1 91 6 15 -1 -1 32 -1 4 -1 -1 33 56 13 36 -1 50 6 50 54 -1 -1 75 79 35 -1 -1 57 -1 -1 48 66 -1 70 1 -1 31 -1 16 97 90 -1 -1 -1 50 16 66 14 -1 0 -1 94
-1 39 83 -1 -1 18 7 -1 -1 -1 -1 93 25 97 82 72 -1 74 92 63 44 61 -1 28 5 -1 30 -1 -1 87 -1 -1 -1 69 51 -1 86 63 64 -1 67 73 50 -1 -1 -1 57 75 6 27 -1 91 -1 70 -1 7 78 -1 68 -1 39 5 -1 30 86 58 -1 53 17 69 -1 -1 78 59 -1 -1 53 -1 98 17 -1 -1 83 -1 -1 -1 7 36 -1 67 -1 35 -1 -1 29 80 -1 100 93 -1 99 -1 -1 34 83 93 -1 45 80 90 5 9 32 99 65 -1 50 93 -1 46 64 -1 86 -1 -1 75 80 52 77 -1 83 42 -1 4 4 21 81 6 0 -1
53 -1 -1 57 63 93 54 -1 77 70 -1 58 5 -1 -1 -1 43 32 73 64 93 34 -1 2 -1 -1 -1 -1 -1 -1 7 98 -1 -1 97 -1 98 2 83 -1 -1 -1 7 94 87 -1 -1 66 77 -1 94 -1 70 48 57 35 79 -1 28 29 77 -1 -1 -1 -1 17 26 -1 77 -1 -1 -1 17 60 -1 -1 86 -1 45 -1 18 -1 -1 37 -1 -1 83 -1 -1 69 27 60 44 -1 64 -1 -1 42 22 87 -1 -1 64 100 23 -1 -1 68 -1 85 13 -1 45 -1 59 52 14 65 -1 20 6 79 84 -1 -1 -1 -1 64 55 -1 -1 79 -1 2 -1 73 -1 36 -1 0


This case is impossible to solve with recursive code.