20
33 23 26 9 16 30 32 12 23 0 74 96 79 58 70 48 77 32 65 31
14 8 86 71 85 56 36 41 21 58 45 90 3 57 31 91 8 26 98 92
58 94 15 30 29 33 70 80 35 86 99 5 48 96 71 0 27 29 42 53
59 3 14 34 75 46 80 74 83 57 13 71 56 21 14 64 40 12 27 68
55 14 44 49 68 39 28 8 37 98 15 67 39 4 76 54 48 70 23 80
85 47 28 66 18 3 97 65 56 13 29 58 77 36 72 29 19 48 2 2
29 12 97 56 41 73 60 97 7 44 5 4 92 4 50 53 0 95 92 9
36 0 5 22 42 92 58 13 70 86 67 95 54 77 70 80 55 63 32 62
94 94 44 66 59 3 74 83 41 68 54 20 29 42 83 82 68 42 47 4
11 15 61 46 44 48 83 20 8 74 90 90 88 99 0 80 58 93 48 16
35 31 15 82 72 86 39 47 48 16 36 94 25 69 52 59 73 80 21 12
47 72 62 49 4 86 59 31 63 61 61 56 3 13 32 88 86 65 83 60
70 67 8 8 74 76 41 93 3 72 25 80 92 2 7 65 84 59 8 3
76 68 17 17 21 92 81 94 40 29 40 31 7 48 90 71 94 15 95 26
32 73 79 60 75 23 52 26 69 73 17 75 15 72 75 46 79 27 20 39
38 51 58 75 81 3 25 15 15 39 47 16 56 57 26 16 77 66 55 29
6 50 79 11 21 31 17 48 22 79 51 53 27 89 59 75 54 96 85 15
60 84 90 26 75 99 56 9 21 18 97 20 63 53 71 32 21 35 23 57
42 63 25 29 19 68 91 69 59 77 81 48 72 2 10 89 85 37 61 89
58 58 1 72 11 49 8 78 32 38 81 90 14 70 7 67 81 97 56 5
